100 990 
1 6 
1 12 
1 15 
1 16 
1 17 
1 18 
1 23 
1 45 
1 50 
1 51 
1 57 
1 62 
1 69 
1 75 
1 85 
1 91 
1 96 
1 98 
2 5 
2 13 
2 15 
2 16 
2 19 
2 21 
2 22 
2 23 
2 27 
2 28 
2 30 
2 39 
2 41 
2 48 
2 52 
2 55 
2 57 
2 61 
2 64 
2 67 
2 68 
2 71 
2 73 
2 79 
2 80 
2 87 
2 93 
2 95 
2 98 
2 99 
3 4 
3 8 
3 9 
3 19 
3 30 
3 42 
3 78 
3 84 
3 89 
3 94 
4 6 
4 15 
4 19 
4 26 
4 32 
4 36 
4 38 
4 61 
4 69 
4 80 
4 82 
4 88 
4 93 
4 100 
5 7 
5 9 
5 12 
5 14 
5 22 
5 46 
5 56 
5 57 
5 58 
5 60 
5 62 
5 67 
5 74 
5 80 
5 82 
5 85 
5 89 
6 8 
6 20 
6 21 
6 29 
6 31 
6 32 
6 36 
6 38 
6 46 
6 52 
6 57 
6 59 
6 66 
6 67 
6 77 
6 79 
6 82 
6 85 
6 88 
6 91 
6 92 
6 100 
7 10 
7 12 
7 13 
7 14 
7 17 
7 24 
7 33 
7 36 
7 41 
7 42 
7 47 
7 67 
7 72 
7 81 
7 93 
7 94 
7 95 
7 98 
7 100 
8 14 
8 18 
8 20 
8 22 
8 26 
8 32 
8 37 
8 54 
8 57 
8 58 
8 61 
8 66 
8 67 
8 70 
8 71 
8 73 
8 86 
8 90 
8 94 
8 98 
8 99 
9 12 
9 13 
9 14 
9 17 
9 22 
9 25 
9 35 
9 39 
9 42 
9 50 
9 62 
9 63 
9 64 
9 66 
9 68 
9 76 
9 77 
9 78 
9 79 
9 87 
9 88 
9 93 
10 11 
10 17 
10 22 
10 24 
10 28 
10 35 
10 44 
10 51 
10 66 
10 68 
10 72 
10 73 
10 79 
10 82 
10 87 
10 88 
11 14 
11 17 
11 20 
11 22 
11 27 
11 37 
11 40 
11 44 
11 45 
11 65 
11 70 
11 85 
11 93 
12 16 
12 20 
12 30 
12 39 
12 48 
12 52 
12 56 
12 58 
12 59 
12 73 
12 77 
12 79 
12 86 
12 87 
12 90 
12 91 
12 93 
13 18 
13 20 
13 22 
13 23 
13 27 
13 29 
13 32 
13 37 
13 45 
13 46 
13 57 
13 67 
13 71 
13 74 
13 78 
13 87 
13 98 
14 22 
14 24 
14 37 
14 40 
14 42 
14 49 
14 52 
14 55 
14 76 
14 88 
14 92 
14 95 
14 97 
15 16 
15 17 
15 18 
15 19 
15 20 
15 26 
15 34 
15 40 
15 58 
15 69 
15 73 
15 76 
15 82 
15 85 
15 89 
15 96 
15 98 
16 22 
16 25 
16 29 
16 31 
16 33 
16 39 
16 46 
16 53 
16 54 
16 56 
16 59 
16 70 
16 73 
16 75 
16 79 
16 94 
17 38 
17 40 
17 41 
17 57 
17 61 
17 65 
17 68 
17 73 
17 75 
17 77 
18 28 
18 30 
18 37 
18 44 
18 45 
18 49 
18 61 
18 69 
18 72 
18 75 
18 77 
18 80 
18 91 
18 94 
18 95 
19 32 
19 33 
19 35 
19 48 
19 49 
19 58 
19 60 
19 63 
19 70 
19 74 
19 76 
19 95 
19 98 
19 99 
19 100 
20 22 
20 23 
20 35 
20 37 
20 38 
20 42 
20 48 
20 55 
20 59 
20 67 
20 71 
20 73 
20 89 
20 91 
20 97 
20 100 
21 27 
21 30 
21 32 
21 36 
21 43 
21 51 
21 52 
21 61 
21 70 
21 79 
21 80 
21 83 
21 86 
21 99 
21 100 
22 25 
22 34 
22 36 
22 37 
22 40 
22 42 
22 43 
22 59 
22 61 
22 66 
22 70 
22 75 
22 78 
22 83 
22 88 
22 90 
22 95 
22 97 
22 98 
22 100 
23 27 
23 28 
23 29 
23 45 
23 46 
23 48 
23 66 
23 68 
23 70 
23 86 
23 88 
23 90 
23 93 
23 98 
23 100 
24 27 
24 30 
24 34 
24 36 
24 39 
24 41 
24 45 
24 47 
24 49 
24 63 
24 74 
24 81 
24 83 
24 85 
24 86 
24 100 
25 27 
25 31 
25 33 
25 35 
25 41 
25 43 
25 59 
25 70 
25 77 
25 81 
25 84 
25 95 
26 30 
26 37 
26 39 
26 41 
26 42 
26 43 
26 51 
26 54 
26 59 
26 65 
26 82 
26 87 
26 89 
26 91 
26 92 
26 95 
27 29 
27 32 
27 33 
27 34 
27 36 
27 41 
27 42 
27 43 
27 60 
27 65 
27 66 
27 74 
27 76 
27 86 
27 89 
27 96 
28 37 
28 40 
28 54 
28 70 
28 71 
28 75 
28 79 
28 81 
28 85 
28 96 
28 98 
29 31 
29 34 
29 39 
29 43 
29 47 
29 54 
29 63 
29 68 
29 70 
29 71 
29 99 
30 33 
30 45 
30 46 
30 49 
30 55 
30 59 
30 78 
30 79 
30 81 
30 99 
31 34 
31 37 
31 38 
31 43 
31 46 
31 50 
31 53 
31 55 
31 58 
31 61 
31 73 
31 74 
31 75 
31 82 
31 85 
31 91 
31 92 
31 94 
31 95 
31 100 
32 34 
32 35 
32 36 
32 44 
32 45 
32 50 
32 54 
32 60 
32 62 
32 64 
32 73 
32 82 
32 88 
32 91 
32 93 
32 98 
33 40 
33 44 
33 45 
33 51 
33 61 
33 64 
33 65 
33 76 
33 80 
33 84 
33 89 
33 95 
33 96 
33 100 
34 38 
34 39 
34 43 
34 47 
34 52 
34 55 
34 60 
34 84 
34 89 
34 97 
34 100 
35 40 
35 50 
35 51 
35 61 
35 63 
35 69 
35 70 
35 71 
35 74 
35 75 
35 78 
35 79 
35 81 
35 85 
35 86 
35 94 
36 38 
36 62 
36 65 
36 67 
36 68 
36 78 
36 79 
36 85 
36 86 
36 87 
36 93 
36 94 
36 99 
37 39 
37 45 
37 51 
37 54 
37 57 
37 62 
37 64 
37 69 
37 72 
37 76 
37 81 
37 82 
37 84 
37 86 
37 88 
37 92 
37 95 
37 99 
38 45 
38 47 
38 49 
38 51 
38 55 
38 56 
38 59 
38 77 
38 79 
38 80 
38 83 
38 91 
38 92 
38 93 
39 40 
39 44 
39 48 
39 51 
39 52 
39 59 
39 63 
39 81 
39 84 
39 86 
39 88 
39 95 
39 99 
40 41 
40 53 
40 54 
40 68 
40 71 
40 72 
40 75 
40 76 
40 83 
40 85 
40 86 
40 87 
40 91 
40 97 
40 100 
41 43 
41 46 
41 48 
41 65 
41 71 
41 77 
41 78 
41 82 
41 86 
41 96 
41 98 
41 99 
42 43 
42 46 
42 48 
42 68 
42 71 
43 46 
43 58 
43 65 
43 66 
43 72 
43 73 
43 75 
43 83 
43 84 
43 86 
43 92 
44 51 
44 56 
44 58 
44 75 
44 76 
44 81 
44 90 
44 93 
44 94 
44 95 
44 100 
45 48 
45 49 
45 57 
45 58 
45 60 
45 69 
45 70 
45 74 
45 77 
45 84 
46 47 
46 52 
46 53 
46 56 
46 57 
46 62 
46 68 
46 71 
46 75 
46 77 
46 79 
46 81 
46 87 
46 93 
46 94 
47 52 
47 53 
47 56 
47 58 
47 62 
47 65 
47 75 
47 76 
47 80 
47 83 
47 90 
47 95 
47 99 
47 100 
48 49 
48 51 
48 54 
48 58 
48 59 
48 81 
48 83 
48 89 
49 51 
49 62 
49 70 
49 73 
49 88 
49 90 
49 91 
49 97 
50 52 
50 58 
50 61 
50 62 
50 64 
50 73 
50 75 
50 76 
50 82 
50 89 
50 92 
50 95 
51 55 
51 58 
51 63 
51 66 
51 80 
51 82 
51 83 
51 86 
51 93 
51 94 
51 98 
51 99 
52 54 
52 58 
52 62 
52 64 
52 71 
52 72 
52 78 
52 84 
52 88 
53 58 
53 59 
53 64 
53 67 
53 68 
53 73 
53 76 
53 80 
53 87 
53 93 
53 97 
54 55 
54 57 
54 60 
54 63 
54 76 
54 85 
54 86 
54 93 
55 66 
55 70 
55 73 
55 86 
55 88 
55 99 
55 100 
56 61 
56 66 
56 69 
56 74 
56 79 
56 83 
56 88 
56 92 
56 95 
56 96 
57 60 
57 62 
57 68 
57 71 
57 73 
57 76 
57 77 
57 99 
58 59 
58 63 
58 76 
58 84 
58 86 
58 92 
58 94 
58 96 
58 100 
59 60 
59 61 
59 65 
59 68 
59 69 
59 70 
59 74 
59 80 
59 83 
59 86 
59 88 
59 92 
60 68 
60 92 
60 93 
60 96 
60 99 
61 62 
61 66 
61 72 
61 81 
61 82 
61 84 
61 86 
61 89 
61 95 
62 63 
62 68 
62 71 
62 81 
62 82 
62 83 
62 88 
62 89 
62 94 
62 99 
63 73 
63 78 
63 86 
63 94 
63 98 
64 65 
64 71 
64 76 
64 89 
64 90 
64 93 
65 70 
65 72 
65 79 
65 80 
65 90 
65 92 
65 94 
65 97 
65 99 
66 67 
66 74 
66 90 
66 92 
66 94 
66 99 
67 70 
67 72 
67 75 
67 78 
67 80 
67 82 
67 83 
67 86 
67 90 
68 71 
68 79 
68 80 
68 82 
68 84 
68 87 
68 91 
69 75 
69 77 
69 94 
69 97 
69 98 
70 73 
70 74 
70 76 
70 91 
70 96 
71 81 
71 84 
71 86 
71 98 
72 75 
72 76 
72 78 
72 80 
72 84 
72 85 
72 87 
72 97 
72 98 
73 77 
73 79 
73 89 
73 92 
73 94 
74 75 
74 79 
74 80 
74 81 
74 82 
74 87 
74 88 
75 76 
75 78 
75 80 
75 92 
75 96 
76 78 
76 79 
76 81 
76 83 
76 84 
76 86 
76 90 
76 97 
77 79 
77 85 
77 95 
77 98 
78 83 
78 93 
78 96 
78 98 
79 82 
79 84 
79 85 
79 89 
80 81 
80 87 
81 84 
81 87 
81 91 
81 98 
82 83 
82 84 
82 92 
82 94 
82 100 
83 87 
83 88 
83 89 
84 90 
84 93 
84 95 
85 89 
85 97 
85 99 
86 91 
86 97 
86 100 
87 99 
87 100 
88 97 
88 98 
88 100 
89 96 
89 97 
89 99 
90 95 
90 99 
91 94 
91 95 
92 95 
92 96 
92 97 
94 97 
95 96 
97 98 
97 99