100 495 
1 4 
1 18 
1 22 
1 23 
1 27 
1 42 
1 44 
1 49 
1 51 
1 59 
1 61 
1 83 
2 8 
2 12 
2 21 
2 25 
2 39 
2 40 
2 53 
2 54 
2 78 
2 80 
2 81 
2 84 
2 86 
2 90 
3 31 
3 39 
3 42 
3 80 
3 89 
3 91 
3 97 
4 30 
4 37 
4 59 
4 67 
4 90 
5 8 
5 19 
5 32 
5 37 
5 50 
5 60 
5 68 
5 73 
5 78 
5 79 
5 100 
6 7 
6 9 
6 13 
6 40 
6 41 
6 50 
6 64 
7 8 
7 14 
7 15 
7 16 
7 26 
7 33 
7 55 
7 64 
7 72 
8 12 
8 25 
8 29 
8 31 
8 38 
8 45 
8 51 
8 82 
8 87 
9 29 
9 32 
9 34 
9 38 
9 49 
9 53 
9 60 
9 70 
9 79 
9 94 
9 99 
9 100 
10 15 
10 32 
10 35 
10 41 
10 45 
10 50 
10 56 
10 61 
10 73 
10 93 
11 25 
11 29 
11 33 
11 41 
11 51 
11 59 
11 61 
11 68 
11 80 
11 82 
11 98 
12 17 
12 21 
12 24 
12 25 
12 59 
12 75 
12 91 
12 98 
13 15 
13 22 
13 46 
13 49 
13 50 
13 51 
13 52 
13 57 
13 61 
13 65 
13 70 
13 74 
13 78 
13 79 
13 100 
14 15 
14 30 
14 70 
14 86 
15 52 
15 68 
15 75 
15 76 
16 28 
16 33 
16 34 
16 35 
16 38 
16 47 
16 49 
16 53 
16 74 
16 87 
16 91 
16 100 
17 34 
17 36 
17 83 
17 85 
17 90 
17 91 
17 95 
17 99 
18 30 
18 33 
18 39 
18 42 
18 46 
18 56 
18 62 
18 77 
18 87 
18 99 
19 21 
19 22 
19 35 
19 36 
19 37 
19 56 
19 89 
19 95 
20 22 
20 28 
20 32 
20 33 
20 82 
20 86 
20 95 
21 24 
21 25 
21 97 
22 25 
22 32 
22 34 
22 37 
22 39 
22 44 
22 51 
22 54 
22 61 
22 62 
22 73 
22 81 
22 82 
23 33 
23 36 
23 39 
23 47 
23 62 
23 69 
23 72 
23 77 
23 88 
24 26 
24 27 
24 28 
24 64 
24 76 
24 92 
25 41 
25 67 
25 69 
25 71 
25 72 
25 84 
25 85 
25 88 
25 99 
26 33 
26 46 
26 98 
27 29 
27 65 
27 70 
27 83 
27 95 
28 33 
28 38 
28 42 
28 48 
28 54 
28 67 
28 69 
28 71 
29 42 
29 44 
29 49 
29 53 
29 58 
29 95 
29 98 
30 49 
30 57 
30 58 
30 88 
31 43 
31 47 
31 48 
31 71 
31 73 
31 78 
31 86 
31 90 
31 91 
32 35 
32 50 
32 53 
32 58 
32 60 
32 79 
32 91 
33 34 
33 36 
33 39 
33 43 
33 50 
33 54 
33 66 
33 70 
33 99 
34 42 
34 48 
34 49 
34 71 
34 77 
34 85 
34 86 
34 90 
34 95 
35 36 
35 41 
35 78 
35 92 
36 45 
36 50 
36 54 
36 65 
36 71 
36 81 
37 38 
37 50 
37 56 
37 68 
37 76 
37 86 
37 92 
37 95 
37 99 
38 39 
38 46 
38 58 
38 69 
38 74 
38 92 
39 48 
39 52 
39 58 
39 68 
39 83 
39 97 
40 52 
40 53 
40 56 
40 68 
40 82 
40 83 
40 92 
40 94 
41 54 
41 55 
41 60 
41 65 
41 71 
41 74 
41 81 
41 90 
42 45 
42 47 
42 77 
42 86 
42 92 
42 93 
43 50 
43 57 
43 59 
43 60 
43 65 
43 67 
43 71 
43 84 
43 87 
43 100 
44 55 
44 57 
44 76 
44 91 
44 94 
45 54 
45 76 
45 90 
45 98 
46 48 
46 52 
46 61 
46 89 
47 50 
47 55 
47 59 
47 62 
47 75 
47 83 
48 53 
48 68 
48 69 
48 70 
48 74 
48 79 
48 81 
48 84 
48 95 
48 96 
49 57 
49 73 
49 77 
49 86 
49 99 
50 60 
50 80 
50 81 
50 85 
51 64 
51 71 
51 79 
51 87 
51 98 
52 61 
52 64 
52 87 
53 55 
53 59 
53 61 
53 75 
53 82 
53 96 
53 97 
54 76 
54 83 
54 96 
55 59 
55 73 
55 78 
55 83 
56 67 
56 68 
56 80 
56 84 
56 85 
56 86 
56 93 
57 64 
57 80 
57 91 
58 68 
58 69 
58 70 
58 71 
58 83 
58 94 
59 60 
59 76 
59 77 
59 98 
60 62 
60 74 
60 77 
60 92 
61 64 
61 83 
61 96 
62 93 
63 69 
63 74 
63 75 
63 83 
63 86 
64 65 
64 73 
64 97 
64 98 
65 69 
65 78 
66 70 
66 78 
66 88 
67 85 
67 87 
67 90 
67 94 
67 96 
68 74 
68 100 
69 73 
69 74 
69 91 
69 93 
70 79 
70 95 
71 78 
71 97 
72 90 
73 79 
73 83 
73 85 
73 94 
73 96 
74 76 
74 94 
75 81 
75 83 
75 85 
75 93 
76 98 
77 88 
78 83 
78 89 
79 84 
80 94 
80 95 
80 97 
82 84 
83 90 
83 93 
83 95 
84 94 
85 90 
86 87 
86 95 
90 97 
92 99 
97 99