100 1485 
1 2 
1 6 
1 8 
1 10 
1 23 
1 28 
1 42 
1 43 
1 45 
1 50 
1 52 
1 53 
1 59 
1 67 
1 68 
1 69 
1 70 
1 71 
1 72 
1 84 
1 88 
1 90 
1 92 
1 93 
1 99 
2 8 
2 14 
2 17 
2 18 
2 20 
2 24 
2 25 
2 26 
2 27 
2 28 
2 30 
2 32 
2 34 
2 42 
2 47 
2 50 
2 52 
2 54 
2 57 
2 66 
2 68 
2 72 
2 73 
2 77 
2 79 
2 80 
2 81 
2 85 
2 89 
2 90 
2 93 
2 97 
2 98 
3 7 
3 9 
3 13 
3 16 
3 18 
3 19 
3 31 
3 32 
3 35 
3 42 
3 43 
3 51 
3 55 
3 56 
3 58 
3 63 
3 64 
3 67 
3 68 
3 71 
3 73 
3 77 
3 82 
3 85 
3 96 
3 99 
3 100 
4 7 
4 16 
4 20 
4 21 
4 30 
4 31 
4 33 
4 34 
4 37 
4 38 
4 46 
4 47 
4 49 
4 57 
4 59 
4 60 
4 67 
4 68 
4 69 
4 75 
4 84 
4 85 
4 89 
4 90 
4 94 
4 95 
5 12 
5 13 
5 16 
5 20 
5 21 
5 27 
5 30 
5 31 
5 41 
5 42 
5 43 
5 46 
5 51 
5 52 
5 56 
5 57 
5 63 
5 69 
5 72 
5 77 
5 84 
5 87 
5 88 
5 90 
5 91 
5 94 
5 95 
5 98 
5 99 
5 100 
6 9 
6 10 
6 14 
6 15 
6 23 
6 26 
6 28 
6 33 
6 34 
6 35 
6 42 
6 43 
6 48 
6 49 
6 50 
6 61 
6 63 
6 64 
6 66 
6 69 
6 75 
6 76 
6 77 
6 78 
6 81 
6 82 
6 85 
6 90 
6 91 
6 92 
6 93 
6 96 
6 97 
6 99 
7 13 
7 22 
7 23 
7 26 
7 28 
7 35 
7 41 
7 47 
7 49 
7 53 
7 56 
7 57 
7 59 
7 61 
7 63 
7 64 
7 65 
7 67 
7 68 
7 83 
7 84 
7 85 
7 88 
7 91 
7 92 
7 95 
7 99 
8 11 
8 12 
8 24 
8 25 
8 26 
8 27 
8 30 
8 31 
8 32 
8 33 
8 39 
8 42 
8 44 
8 48 
8 51 
8 53 
8 54 
8 56 
8 61 
8 62 
8 64 
8 70 
8 72 
8 80 
8 83 
8 92 
8 93 
9 10 
9 14 
9 21 
9 22 
9 23 
9 24 
9 26 
9 29 
9 33 
9 35 
9 36 
9 43 
9 47 
9 53 
9 56 
9 58 
9 63 
9 65 
9 69 
9 70 
9 74 
9 79 
9 81 
9 82 
9 92 
9 93 
9 95 
9 99 
10 16 
10 17 
10 23 
10 24 
10 27 
10 30 
10 32 
10 34 
10 39 
10 40 
10 44 
10 48 
10 52 
10 55 
10 56 
10 58 
10 59 
10 60 
10 61 
10 65 
10 67 
10 75 
10 80 
10 81 
10 84 
10 85 
10 86 
10 92 
10 99 
10 100 
11 14 
11 24 
11 25 
11 29 
11 31 
11 32 
11 37 
11 41 
11 42 
11 44 
11 47 
11 49 
11 50 
11 52 
11 58 
11 84 
11 88 
11 89 
11 92 
11 93 
11 94 
11 95 
11 99 
12 13 
12 14 
12 15 
12 17 
12 18 
12 19 
12 20 
12 34 
12 38 
12 39 
12 40 
12 43 
12 45 
12 58 
12 59 
12 62 
12 65 
12 66 
12 70 
12 71 
12 73 
12 77 
12 78 
12 79 
12 82 
12 84 
12 86 
12 90 
12 91 
12 92 
12 93 
12 96 
12 97 
13 14 
13 17 
13 19 
13 24 
13 26 
13 27 
13 28 
13 30 
13 38 
13 42 
13 45 
13 48 
13 53 
13 58 
13 60 
13 63 
13 71 
13 74 
13 87 
13 91 
13 96 
13 97 
13 100 
14 15 
14 17 
14 18 
14 20 
14 24 
14 25 
14 27 
14 29 
14 30 
14 31 
14 32 
14 40 
14 43 
14 44 
14 45 
14 46 
14 51 
14 52 
14 53 
14 54 
14 58 
14 59 
14 71 
14 72 
14 75 
14 85 
14 88 
14 89 
14 91 
14 94 
14 95 
14 98 
14 99 
14 100 
15 23 
15 25 
15 28 
15 40 
15 41 
15 45 
15 46 
15 49 
15 52 
15 54 
15 56 
15 58 
15 65 
15 66 
15 67 
15 68 
15 73 
15 74 
15 76 
15 77 
15 83 
16 17 
16 19 
16 20 
16 22 
16 28 
16 29 
16 30 
16 31 
16 35 
16 37 
16 40 
16 43 
16 51 
16 53 
16 58 
16 62 
16 63 
16 69 
16 73 
16 74 
16 76 
16 84 
16 88 
16 89 
16 90 
16 91 
16 94 
16 96 
17 19 
17 20 
17 21 
17 33 
17 37 
17 39 
17 40 
17 49 
17 51 
17 54 
17 58 
17 61 
17 67 
17 69 
17 74 
17 75 
17 80 
17 85 
17 88 
17 89 
17 93 
18 19 
18 20 
18 25 
18 26 
18 31 
18 34 
18 36 
18 37 
18 39 
18 42 
18 44 
18 54 
18 55 
18 61 
18 63 
18 66 
18 68 
18 72 
18 76 
18 79 
18 80 
18 83 
18 86 
18 90 
18 95 
19 20 
19 21 
19 22 
19 25 
19 29 
19 30 
19 34 
19 35 
19 39 
19 41 
19 44 
19 49 
19 50 
19 53 
19 56 
19 59 
19 62 
19 65 
19 69 
19 72 
19 81 
19 90 
19 91 
19 96 
20 25 
20 27 
20 28 
20 31 
20 33 
20 34 
20 38 
20 40 
20 42 
20 45 
20 48 
20 52 
20 55 
20 57 
20 58 
20 59 
20 60 
20 61 
20 64 
20 68 
20 70 
20 71 
20 72 
20 73 
20 83 
20 86 
20 92 
20 94 
20 97 
21 23 
21 26 
21 27 
21 28 
21 29 
21 31 
21 38 
21 41 
21 42 
21 43 
21 47 
21 48 
21 49 
21 50 
21 53 
21 62 
21 65 
21 67 
21 68 
21 69 
21 73 
21 74 
21 75 
21 77 
21 79 
21 80 
21 84 
21 85 
21 87 
21 89 
21 91 
22 23 
22 24 
22 25 
22 28 
22 37 
22 40 
22 52 
22 54 
22 58 
22 62 
22 65 
22 68 
22 75 
22 76 
22 77 
22 79 
22 82 
22 89 
22 91 
22 92 
22 96 
22 99 
22 100 
23 26 
23 31 
23 35 
23 39 
23 45 
23 46 
23 47 
23 48 
23 49 
23 51 
23 56 
23 60 
23 61 
23 69 
23 72 
23 80 
23 82 
23 83 
23 87 
23 97 
23 100 
24 25 
24 28 
24 32 
24 39 
24 42 
24 47 
24 53 
24 57 
24 60 
24 64 
24 67 
24 72 
24 77 
24 78 
24 80 
24 81 
24 83 
24 87 
24 93 
24 96 
24 99 
24 100 
25 31 
25 39 
25 40 
25 44 
25 46 
25 49 
25 50 
25 53 
25 55 
25 57 
25 68 
25 69 
25 70 
25 75 
25 84 
25 85 
25 87 
25 92 
25 94 
25 99 
26 29 
26 30 
26 34 
26 35 
26 44 
26 47 
26 48 
26 52 
26 62 
26 71 
26 73 
26 76 
26 77 
26 78 
26 79 
26 80 
26 85 
26 87 
26 90 
26 97 
26 99 
26 100 
27 32 
27 33 
27 36 
27 38 
27 46 
27 51 
27 54 
27 64 
27 65 
27 66 
27 70 
27 71 
27 72 
27 74 
27 75 
27 76 
27 84 
27 85 
27 92 
27 98 
28 30 
28 31 
28 32 
28 34 
28 36 
28 37 
28 38 
28 43 
28 46 
28 47 
28 53 
28 55 
28 59 
28 61 
28 62 
28 63 
28 70 
28 71 
28 73 
28 74 
28 76 
28 81 
28 82 
28 90 
28 94 
28 95 
28 100 
29 34 
29 37 
29 38 
29 43 
29 46 
29 51 
29 52 
29 54 
29 57 
29 58 
29 69 
29 73 
29 74 
29 75 
29 80 
29 83 
29 88 
29 90 
29 94 
29 95 
29 100 
30 32 
30 34 
30 35 
30 48 
30 51 
30 53 
30 54 
30 56 
30 58 
30 60 
30 65 
30 66 
30 75 
30 78 
30 93 
30 94 
30 95 
30 96 
30 98 
30 99 
30 100 
31 34 
31 39 
31 40 
31 41 
31 42 
31 46 
31 53 
31 65 
31 71 
31 72 
31 74 
31 75 
31 77 
31 79 
31 82 
31 89 
31 92 
31 93 
31 94 
31 97 
31 98 
32 35 
32 39 
32 45 
32 46 
32 47 
32 52 
32 54 
32 55 
32 56 
32 57 
32 60 
32 63 
32 66 
32 67 
32 68 
32 70 
32 71 
32 72 
32 76 
32 79 
32 83 
32 85 
32 87 
32 88 
32 93 
32 99 
33 34 
33 36 
33 40 
33 42 
33 43 
33 47 
33 55 
33 58 
33 60 
33 62 
33 67 
33 68 
33 82 
33 85 
33 86 
33 89 
33 97 
34 36 
34 44 
34 45 
34 47 
34 48 
34 50 
34 55 
34 57 
34 61 
34 62 
34 68 
34 73 
34 76 
34 79 
34 83 
34 84 
34 92 
34 93 
34 94 
34 98 
34 99 
34 100 
35 40 
35 41 
35 45 
35 46 
35 50 
35 51 
35 52 
35 54 
35 59 
35 60 
35 66 
35 69 
35 76 
35 83 
35 84 
35 91 
35 92 
35 94 
35 95 
35 100 
36 37 
36 38 
36 43 
36 44 
36 45 
36 47 
36 52 
36 56 
36 58 
36 61 
36 63 
36 64 
36 69 
36 72 
36 74 
36 76 
36 77 
36 79 
36 80 
36 83 
36 85 
36 86 
36 87 
36 92 
36 96 
36 97 
37 40 
37 42 
37 44 
37 49 
37 54 
37 59 
37 60 
37 62 
37 64 
37 71 
37 74 
37 76 
37 77 
37 79 
37 81 
37 82 
37 86 
37 88 
37 89 
37 96 
37 97 
37 98 
37 99 
38 42 
38 46 
38 48 
38 49 
38 50 
38 51 
38 57 
38 59 
38 62 
38 66 
38 70 
38 73 
38 76 
38 80 
38 84 
38 87 
38 89 
38 95 
39 44 
39 50 
39 54 
39 55 
39 60 
39 61 
39 69 
39 86 
39 88 
39 92 
39 94 
39 95 
39 98 
39 99 
40 45 
40 49 
40 51 
40 53 
40 54 
40 58 
40 61 
40 62 
40 65 
40 73 
40 74 
40 78 
40 83 
40 87 
40 88 
40 89 
40 90 
40 93 
40 94 
40 95 
40 96 
40 97 
41 51 
41 52 
41 55 
41 59 
41 66 
41 68 
41 70 
41 74 
41 80 
41 84 
41 87 
41 91 
41 92 
41 99 
42 44 
42 55 
42 57 
42 58 
42 59 
42 61 
42 70 
42 73 
42 85 
42 92 
42 94 
42 97 
42 98 
42 99 
42 100 
43 44 
43 45 
43 53 
43 54 
43 56 
43 61 
43 62 
43 63 
43 67 
43 69 
43 71 
43 72 
43 77 
43 79 
43 87 
43 95 
43 97 
43 98 
44 53 
44 56 
44 57 
44 60 
44 65 
44 79 
44 80 
44 84 
44 85 
44 86 
44 90 
44 91 
44 93 
44 97 
44 100 
45 53 
45 58 
45 59 
45 60 
45 61 
45 66 
45 68 
45 76 
45 77 
45 78 
45 80 
45 82 
45 85 
45 91 
45 95 
45 98 
45 99 
46 49 
46 53 
46 54 
46 59 
46 60 
46 66 
46 72 
46 80 
46 84 
46 87 
46 90 
46 92 
46 95 
46 96 
46 97 
46 99 
47 65 
47 69 
47 71 
47 73 
47 74 
47 87 
47 88 
47 89 
47 93 
47 95 
47 98 
47 100 
48 53 
48 58 
48 60 
48 63 
48 68 
48 73 
48 74 
48 80 
48 83 
48 87 
48 91 
48 92 
48 99 
49 52 
49 54 
49 62 
49 64 
49 71 
49 73 
49 74 
49 76 
49 79 
49 80 
49 82 
49 85 
49 87 
49 89 
49 94 
49 95 
49 96 
49 98 
50 51 
50 53 
50 54 
50 56 
50 58 
50 63 
50 66 
50 67 
50 71 
50 72 
50 77 
50 79 
50 82 
50 85 
50 90 
50 93 
50 96 
50 98 
50 99 
51 57 
51 58 
51 66 
51 68 
51 73 
51 74 
51 79 
51 85 
51 87 
51 93 
51 95 
51 98 
52 55 
52 56 
52 57 
52 61 
52 65 
52 69 
52 71 
52 72 
52 78 
52 82 
52 86 
52 87 
52 95 
52 97 
52 100 
53 58 
53 63 
53 69 
53 73 
53 77 
53 80 
53 81 
53 83 
53 85 
53 92 
53 94 
53 96 
53 98 
54 57 
54 60 
54 64 
54 67 
54 72 
54 76 
54 79 
54 81 
54 82 
54 84 
54 86 
54 89 
54 96 
54 99 
55 56 
55 57 
55 67 
55 71 
55 86 
55 90 
55 95 
55 99 
55 100 
56 58 
56 61 
56 62 
56 63 
56 64 
56 72 
56 74 
56 81 
56 84 
56 85 
56 94 
56 96 
56 97 
56 98 
57 60 
57 65 
57 70 
57 74 
57 78 
57 79 
57 91 
57 95 
57 97 
58 67 
58 69 
58 72 
58 75 
58 76 
58 78 
58 79 
58 83 
58 88 
58 95 
58 96 
58 100 
59 72 
59 77 
59 78 
59 90 
59 91 
59 95 
59 97 
59 98 
59 99 
60 63 
60 67 
60 76 
60 85 
60 86 
60 91 
60 94 
60 96 
60 100 
61 62 
61 65 
61 68 
61 69 
61 74 
61 75 
61 76 
61 77 
61 79 
61 81 
61 87 
61 96 
61 97 
61 99 
62 64 
62 73 
62 77 
62 79 
62 83 
62 85 
62 91 
62 93 
62 96 
62 97 
62 98 
62 100 
63 66 
63 68 
63 73 
63 74 
63 75 
63 77 
63 78 
63 81 
63 90 
63 94 
63 95 
63 96 
63 99 
63 100 
64 65 
64 71 
64 74 
64 79 
64 84 
64 86 
64 87 
64 91 
64 97 
65 72 
65 73 
65 81 
65 85 
65 88 
65 89 
65 93 
65 97 
65 99 
65 100 
66 70 
66 73 
66 75 
66 76 
66 78 
66 79 
66 82 
66 90 
66 98 
66 100 
67 68 
67 70 
67 78 
67 79 
67 85 
67 87 
67 89 
67 90 
67 92 
67 99 
68 69 
68 71 
68 76 
68 79 
68 81 
68 83 
68 99 
68 100 
69 70 
69 74 
69 81 
69 82 
69 83 
69 84 
69 87 
69 92 
69 94 
69 95 
69 98 
70 74 
70 75 
70 79 
70 83 
70 86 
70 87 
70 91 
70 97 
71 76 
71 79 
71 88 
71 92 
71 96 
72 74 
72 75 
72 80 
72 82 
72 84 
72 86 
72 87 
72 91 
72 94 
72 98 
72 99 
72 100 
73 85 
73 89 
73 92 
73 94 
73 97 
73 98 
73 99 
74 76 
74 77 
74 81 
74 84 
74 96 
74 98 
74 99 
75 77 
75 80 
75 85 
75 86 
75 88 
75 90 
75 95 
75 96 
75 98 
76 77 
76 79 
76 83 
76 86 
76 90 
76 92 
76 94 
76 95 
76 96 
77 78 
77 80 
77 84 
77 87 
77 92 
77 93 
77 95 
77 98 
77 100 
78 81 
78 85 
78 88 
78 93 
79 80 
79 81 
79 82 
79 90 
79 91 
79 94 
79 96 
79 97 
80 81 
80 82 
80 88 
80 92 
80 97 
81 82 
81 85 
81 86 
81 87 
81 90 
81 92 
81 97 
82 83 
82 86 
82 95 
82 98 
83 86 
83 91 
83 96 
84 85 
84 88 
84 89 
84 91 
86 87 
86 88 
86 90 
87 94 
88 93 
88 97 
89 91 
89 92 
89 95 
90 91 
90 93 
90 94 
90 97 
90 100 
91 95 
91 99 
92 93 
92 95 
92 96 
92 100 
93 98 
94 95 
94 100 
95 100 
96 98 
96 100 
97 98 
98 99