100 2970 
1 2 
1 6 
1 8 
1 10 
1 11 
1 12 
1 13 
1 15 
1 18 
1 19 
1 21 
1 23 
1 25 
1 26 
1 27 
1 28 
1 30 
1 31 
1 32 
1 35 
1 36 
1 37 
1 38 
1 39 
1 40 
1 41 
1 43 
1 45 
1 46 
1 47 
1 48 
1 49 
1 51 
1 52 
1 54 
1 55 
1 57 
1 58 
1 60 
1 61 
1 68 
1 70 
1 71 
1 72 
1 73 
1 74 
1 75 
1 76 
1 79 
1 80 
1 81 
1 82 
1 83 
1 85 
1 86 
1 87 
1 88 
1 89 
1 91 
1 92 
1 97 
2 5 
2 6 
2 7 
2 8 
2 10 
2 13 
2 14 
2 15 
2 16 
2 17 
2 18 
2 19 
2 20 
2 21 
2 22 
2 23 
2 25 
2 26 
2 27 
2 28 
2 29 
2 30 
2 31 
2 32 
2 33 
2 34 
2 36 
2 37 
2 38 
2 40 
2 41 
2 43 
2 44 
2 48 
2 51 
2 54 
2 56 
2 57 
2 58 
2 60 
2 61 
2 64 
2 65 
2 67 
2 68 
2 69 
2 70 
2 71 
2 72 
2 73 
2 76 
2 77 
2 78 
2 79 
2 80 
2 84 
2 85 
2 88 
2 89 
2 90 
2 91 
2 92 
2 93 
2 94 
2 95 
2 96 
2 97 
2 98 
2 99 
3 6 
3 7 
3 8 
3 10 
3 12 
3 13 
3 16 
3 17 
3 19 
3 20 
3 21 
3 22 
3 24 
3 28 
3 29 
3 34 
3 35 
3 38 
3 43 
3 44 
3 45 
3 46 
3 47 
3 48 
3 49 
3 50 
3 51 
3 57 
3 59 
3 60 
3 61 
3 63 
3 64 
3 66 
3 67 
3 68 
3 69 
3 70 
3 71 
3 72 
3 74 
3 75 
3 78 
3 79 
3 80 
3 82 
3 83 
3 85 
3 86 
3 87 
3 88 
3 90 
3 93 
3 95 
3 96 
3 97 
3 98 
3 99 
4 5 
4 8 
4 11 
4 13 
4 14 
4 16 
4 17 
4 19 
4 20 
4 21 
4 22 
4 23 
4 25 
4 28 
4 29 
4 30 
4 31 
4 35 
4 36 
4 39 
4 41 
4 42 
4 44 
4 45 
4 46 
4 52 
4 56 
4 58 
4 59 
4 60 
4 61 
4 62 
4 65 
4 66 
4 67 
4 71 
4 73 
4 74 
4 77 
4 78 
4 79 
4 80 
4 81 
4 82 
4 83 
4 86 
4 89 
4 90 
4 91 
4 92 
4 95 
4 96 
4 97 
4 98 
5 6 
5 7 
5 9 
5 11 
5 14 
5 15 
5 16 
5 17 
5 18 
5 19 
5 20 
5 21 
5 22 
5 23 
5 28 
5 29 
5 30 
5 32 
5 33 
5 34 
5 36 
5 37 
5 38 
5 39 
5 43 
5 45 
5 48 
5 49 
5 54 
5 55 
5 57 
5 58 
5 59 
5 62 
5 64 
5 65 
5 66 
5 67 
5 68 
5 69 
5 70 
5 71 
5 72 
5 73 
5 75 
5 77 
5 78 
5 85 
5 87 
5 88 
5 90 
5 91 
5 92 
5 95 
5 96 
5 97 
5 98 
5 99 
5 100 
6 7 
6 9 
6 12 
6 15 
6 24 
6 26 
6 31 
6 33 
6 34 
6 35 
6 39 
6 42 
6 43 
6 44 
6 45 
6 46 
6 51 
6 52 
6 54 
6 55 
6 57 
6 58 
6 59 
6 60 
6 63 
6 64 
6 66 
6 67 
6 68 
6 72 
6 77 
6 78 
6 79 
6 80 
6 81 
6 82 
6 83 
6 86 
6 87 
6 90 
6 91 
6 92 
6 93 
6 94 
6 95 
6 96 
6 97 
6 98 
6 99 
6 100 
7 8 
7 12 
7 13 
7 15 
7 18 
7 20 
7 23 
7 26 
7 29 
7 30 
7 31 
7 32 
7 34 
7 36 
7 37 
7 38 
7 42 
7 43 
7 45 
7 49 
7 53 
7 54 
7 56 
7 58 
7 60 
7 61 
7 63 
7 64 
7 65 
7 66 
7 71 
7 72 
7 73 
7 74 
7 75 
7 76 
7 78 
7 79 
7 80 
7 81 
7 82 
7 83 
7 84 
7 90 
7 94 
7 97 
7 98 
7 100 
8 13 
8 14 
8 15 
8 16 
8 19 
8 20 
8 23 
8 24 
8 27 
8 30 
8 33 
8 35 
8 36 
8 38 
8 39 
8 40 
8 42 
8 44 
8 45 
8 47 
8 49 
8 50 
8 51 
8 54 
8 55 
8 58 
8 59 
8 61 
8 64 
8 67 
8 68 
8 69 
8 70 
8 72 
8 73 
8 74 
8 75 
8 78 
8 79 
8 80 
8 81 
8 82 
8 83 
8 84 
8 87 
8 88 
8 89 
8 92 
8 94 
8 95 
8 97 
8 98 
8 100 
9 10 
9 11 
9 12 
9 13 
9 17 
9 18 
9 21 
9 23 
9 24 
9 25 
9 28 
9 29 
9 30 
9 32 
9 33 
9 34 
9 35 
9 37 
9 39 
9 41 
9 42 
9 44 
9 46 
9 48 
9 50 
9 51 
9 52 
9 53 
9 54 
9 55 
9 58 
9 59 
9 60 
9 61 
9 62 
9 64 
9 66 
9 67 
9 68 
9 69 
9 70 
9 73 
9 74 
9 75 
9 77 
9 78 
9 80 
9 81 
9 86 
9 88 
9 90 
9 92 
9 93 
9 94 
9 96 
9 98 
9 99 
9 100 
10 12 
10 13 
10 14 
10 15 
10 16 
10 17 
10 19 
10 21 
10 22 
10 23 
10 26 
10 27 
10 29 
10 30 
10 31 
10 32 
10 36 
10 39 
10 40 
10 41 
10 45 
10 46 
10 47 
10 48 
10 49 
10 51 
10 56 
10 58 
10 59 
10 60 
10 61 
10 62 
10 63 
10 64 
10 65 
10 69 
10 70 
10 74 
10 75 
10 78 
10 80 
10 81 
10 83 
10 84 
10 85 
10 86 
10 87 
10 88 
10 93 
10 94 
10 95 
10 97 
10 99 
10 100 
11 12 
11 14 
11 15 
11 17 
11 18 
11 21 
11 23 
11 24 
11 26 
11 27 
11 28 
11 30 
11 31 
11 32 
11 33 
11 37 
11 39 
11 42 
11 43 
11 44 
11 47 
11 49 
11 50 
11 53 
11 54 
11 55 
11 56 
11 58 
11 59 
11 60 
11 62 
11 63 
11 67 
11 68 
11 71 
11 72 
11 73 
11 74 
11 79 
11 80 
11 81 
11 82 
11 84 
11 85 
11 87 
11 89 
11 90 
11 94 
11 96 
11 97 
11 98 
12 13 
12 14 
12 16 
12 18 
12 19 
12 23 
12 24 
12 25 
12 26 
12 27 
12 29 
12 30 
12 31 
12 34 
12 35 
12 36 
12 37 
12 40 
12 41 
12 45 
12 46 
12 47 
12 48 
12 49 
12 50 
12 51 
12 53 
12 54 
12 55 
12 56 
12 58 
12 59 
12 61 
12 62 
12 63 
12 65 
12 66 
12 67 
12 68 
12 70 
12 71 
12 72 
12 74 
12 75 
12 76 
12 78 
12 79 
12 80 
12 82 
12 83 
12 84 
12 85 
12 86 
12 87 
12 89 
12 90 
12 91 
12 92 
12 94 
12 97 
12 98 
13 14 
13 15 
13 17 
13 19 
13 20 
13 22 
13 23 
13 24 
13 25 
13 27 
13 28 
13 29 
13 31 
13 39 
13 41 
13 43 
13 44 
13 45 
13 46 
13 47 
13 48 
13 50 
13 53 
13 54 
13 57 
13 61 
13 62 
13 63 
13 64 
13 65 
13 66 
13 68 
13 70 
13 71 
13 73 
13 77 
13 79 
13 80 
13 81 
13 82 
13 84 
13 85 
13 86 
13 87 
13 88 
13 90 
13 91 
13 93 
13 94 
13 96 
13 97 
13 98 
14 15 
14 16 
14 17 
14 18 
14 19 
14 20 
14 24 
14 25 
14 26 
14 27 
14 29 
14 30 
14 31 
14 33 
14 34 
14 38 
14 39 
14 40 
14 42 
14 44 
14 45 
14 46 
14 47 
14 48 
14 49 
14 51 
14 52 
14 54 
14 55 
14 56 
14 58 
14 62 
14 63 
14 64 
14 65 
14 67 
14 68 
14 70 
14 72 
14 73 
14 74 
14 75 
14 76 
14 82 
14 85 
14 87 
14 88 
14 89 
14 90 
14 92 
14 94 
14 96 
14 100 
15 18 
15 19 
15 20 
15 21 
15 22 
15 23 
15 24 
15 26 
15 28 
15 30 
15 31 
15 34 
15 35 
15 36 
15 37 
15 38 
15 39 
15 41 
15 42 
15 43 
15 44 
15 46 
15 48 
15 51 
15 52 
15 55 
15 57 
15 61 
15 63 
15 64 
15 65 
15 68 
15 69 
15 70 
15 71 
15 72 
15 75 
15 77 
15 79 
15 80 
15 82 
15 83 
15 84 
15 85 
15 86 
15 89 
15 90 
15 91 
15 95 
15 97 
15 99 
16 17 
16 18 
16 20 
16 21 
16 22 
16 23 
16 24 
16 26 
16 27 
16 28 
16 29 
16 30 
16 31 
16 35 
16 40 
16 42 
16 43 
16 44 
16 45 
16 46 
16 47 
16 48 
16 49 
16 51 
16 52 
16 56 
16 59 
16 60 
16 61 
16 62 
16 64 
16 65 
16 67 
16 69 
16 71 
16 73 
16 75 
16 78 
16 79 
16 80 
16 81 
16 82 
16 83 
16 85 
16 88 
16 91 
16 92 
16 94 
16 96 
16 97 
17 18 
17 20 
17 21 
17 23 
17 26 
17 28 
17 29 
17 30 
17 31 
17 32 
17 33 
17 36 
17 38 
17 39 
17 40 
17 42 
17 44 
17 45 
17 46 
17 47 
17 48 
17 49 
17 50 
17 52 
17 53 
17 54 
17 55 
17 57 
17 60 
17 62 
17 63 
17 64 
17 65 
17 67 
17 68 
17 70 
17 71 
17 72 
17 73 
17 74 
17 75 
17 77 
17 78 
17 80 
17 84 
17 86 
17 87 
17 91 
17 95 
17 96 
17 97 
17 98 
17 99 
18 19 
18 20 
18 22 
18 23 
18 24 
18 25 
18 26 
18 27 
18 31 
18 32 
18 36 
18 38 
18 39 
18 41 
18 42 
18 43 
18 44 
18 47 
18 48 
18 50 
18 53 
18 55 
18 56 
18 57 
18 60 
18 62 
18 63 
18 64 
18 65 
18 66 
18 67 
18 69 
18 72 
18 73 
18 74 
18 75 
18 76 
18 77 
18 78 
18 80 
18 82 
18 83 
18 87 
18 89 
18 90 
18 92 
18 93 
18 94 
18 96 
18 100 
19 23 
19 25 
19 28 
19 29 
19 31 
19 32 
19 34 
19 36 
19 38 
19 39 
19 42 
19 43 
19 44 
19 45 
19 47 
19 48 
19 49 
19 50 
19 54 
19 58 
19 60 
19 61 
19 62 
19 63 
19 65 
19 67 
19 68 
19 70 
19 71 
19 72 
19 74 
19 75 
19 76 
19 78 
19 81 
19 83 
19 84 
19 86 
19 88 
19 90 
19 91 
19 93 
19 94 
19 96 
19 97 
19 99 
19 100 
20 21 
20 23 
20 24 
20 25 
20 27 
20 28 
20 29 
20 30 
20 32 
20 33 
20 34 
20 35 
20 36 
20 37 
20 38 
20 40 
20 41 
20 42 
20 43 
20 45 
20 46 
20 47 
20 49 
20 50 
20 51 
20 52 
20 53 
20 55 
20 56 
20 57 
20 58 
20 60 
20 61 
20 64 
20 66 
20 67 
20 69 
20 70 
20 71 
20 72 
20 75 
20 77 
20 79 
20 82 
20 83 
20 84 
20 86 
20 87 
20 88 
20 89 
20 91 
20 92 
20 93 
20 95 
20 96 
20 97 
20 98 
20 100 
21 22 
21 23 
21 24 
21 25 
21 26 
21 27 
21 28 
21 30 
21 33 
21 37 
21 38 
21 41 
21 43 
21 45 
21 48 
21 50 
21 52 
21 54 
21 55 
21 57 
21 58 
21 59 
21 60 
21 61 
21 68 
21 69 
21 71 
21 72 
21 74 
21 77 
21 79 
21 81 
21 84 
21 85 
21 90 
21 92 
21 93 
21 95 
21 96 
21 97 
21 98 
21 99 
22 23 
22 24 
22 26 
22 27 
22 28 
22 29 
22 30 
22 33 
22 36 
22 37 
22 39 
22 41 
22 43 
22 46 
22 47 
22 49 
22 50 
22 54 
22 59 
22 60 
22 61 
22 63 
22 64 
22 73 
22 74 
22 75 
22 82 
22 83 
22 85 
22 86 
22 87 
22 88 
22 89 
22 90 
22 92 
22 93 
22 96 
22 98 
23 27 
23 32 
23 33 
23 36 
23 37 
23 38 
23 46 
23 47 
23 51 
23 53 
23 54 
23 55 
23 56 
23 57 
23 62 
23 63 
23 65 
23 66 
23 67 
23 68 
23 69 
23 70 
23 71 
23 73 
23 76 
23 77 
23 79 
23 80 
23 81 
23 84 
23 87 
23 88 
23 89 
23 90 
23 92 
23 93 
23 94 
23 96 
23 98 
24 25 
24 26 
24 29 
24 30 
24 31 
24 34 
24 35 
24 36 
24 37 
24 38 
24 39 
24 41 
24 42 
24 43 
24 46 
24 47 
24 50 
24 54 
24 55 
24 58 
24 60 
24 62 
24 63 
24 64 
24 65 
24 66 
24 67 
24 68 
24 70 
24 72 
24 73 
24 75 
24 77 
24 78 
24 79 
24 80 
24 82 
24 87 
24 88 
24 89 
24 94 
24 98 
24 99 
25 28 
25 29 
25 30 
25 33 
25 36 
25 40 
25 42 
25 43 
25 44 
25 46 
25 47 
25 48 
25 50 
25 51 
25 52 
25 53 
25 54 
25 57 
25 58 
25 59 
25 61 
25 62 
25 63 
25 65 
25 66 
25 67 
25 69 
25 70 
25 71 
25 72 
25 73 
25 76 
25 78 
25 80 
25 81 
25 82 
25 83 
25 84 
25 85 
25 86 
25 87 
25 88 
25 90 
25 91 
25 92 
25 93 
25 94 
25 95 
25 96 
25 97 
25 98 
25 99 
25 100 
26 28 
26 29 
26 30 
26 31 
26 32 
26 34 
26 35 
26 39 
26 40 
26 42 
26 47 
26 48 
26 49 
26 50 
26 52 
26 53 
26 54 
26 55 
26 56 
26 57 
26 58 
26 59 
26 61 
26 64 
26 65 
26 67 
26 68 
26 70 
26 71 
26 72 
26 73 
26 74 
26 75 
26 77 
26 78 
26 81 
26 83 
26 84 
26 85 
26 86 
26 87 
26 88 
26 90 
26 92 
26 93 
26 94 
26 96 
27 32 
27 34 
27 37 
27 38 
27 39 
27 40 
27 41 
27 42 
27 44 
27 45 
27 46 
27 47 
27 48 
27 50 
27 51 
27 53 
27 59 
27 63 
27 64 
27 65 
27 66 
27 67 
27 68 
27 70 
27 71 
27 72 
27 74 
27 75 
27 77 
27 79 
27 81 
27 82 
27 85 
27 87 
27 88 
27 89 
27 90 
27 91 
27 93 
27 94 
27 95 
27 96 
27 98 
27 99 
27 100 
28 32 
28 33 
28 34 
28 35 
28 38 
28 39 
28 40 
28 41 
28 42 
28 43 
28 46 
28 47 
28 49 
28 51 
28 52 
28 53 
28 54 
28 55 
28 56 
28 57 
28 59 
28 60 
28 64 
28 67 
28 69 
28 70 
28 72 
28 75 
28 79 
28 80 
28 81 
28 82 
28 84 
28 85 
28 87 
28 88 
28 93 
28 95 
28 96 
28 100 
29 31 
29 32 
29 33 
29 38 
29 40 
29 41 
29 42 
29 44 
29 45 
29 49 
29 52 
29 59 
29 60 
29 61 
29 62 
29 65 
29 68 
29 69 
29 70 
29 71 
29 72 
29 73 
29 76 
29 77 
29 79 
29 84 
29 86 
29 87 
29 88 
29 89 
29 90 
29 91 
29 92 
29 93 
29 94 
29 95 
29 100 
30 31 
30 34 
30 35 
30 36 
30 40 
30 41 
30 42 
30 43 
30 44 
30 46 
30 48 
30 49 
30 50 
30 51 
30 53 
30 54 
30 55 
30 56 
30 57 
30 60 
30 62 
30 68 
30 71 
30 74 
30 76 
30 77 
30 79 
30 81 
30 84 
30 85 
30 86 
30 87 
30 88 
30 91 
30 95 
30 96 
30 97 
30 98 
30 99 
31 34 
31 36 
31 37 
31 38 
31 39 
31 40 
31 42 
31 44 
31 47 
31 48 
31 49 
31 50 
31 52 
31 53 
31 55 
31 61 
31 62 
31 63 
31 64 
31 65 
31 67 
31 69 
31 70 
31 71 
31 72 
31 74 
31 75 
31 76 
31 77 
31 78 
31 79 
31 80 
31 81 
31 82 
31 83 
31 84 
31 85 
31 86 
31 89 
31 91 
31 93 
31 96 
31 97 
31 99 
32 34 
32 35 
32 37 
32 38 
32 39 
32 40 
32 41 
32 42 
32 43 
32 44 
32 45 
32 47 
32 49 
32 55 
32 57 
32 58 
32 59 
32 61 
32 65 
32 66 
32 67 
32 70 
32 71 
32 73 
32 74 
32 75 
32 76 
32 77 
32 78 
32 83 
32 84 
32 85 
32 86 
32 87 
32 89 
32 91 
32 94 
32 95 
32 96 
32 97 
32 100 
33 35 
33 37 
33 38 
33 39 
33 43 
33 44 
33 46 
33 47 
33 48 
33 49 
33 50 
33 51 
33 54 
33 55 
33 56 
33 57 
33 58 
33 60 
33 62 
33 63 
33 65 
33 69 
33 70 
33 71 
33 73 
33 75 
33 76 
33 77 
33 78 
33 80 
33 81 
33 82 
33 87 
33 89 
33 92 
33 95 
33 96 
33 98 
34 35 
34 36 
34 37 
34 38 
34 41 
34 42 
34 43 
34 45 
34 47 
34 48 
34 50 
34 53 
34 54 
34 55 
34 58 
34 59 
34 61 
34 62 
34 63 
34 65 
34 67 
34 68 
34 69 
34 71 
34 72 
34 74 
34 78 
34 79 
34 81 
34 83 
34 84 
34 88 
34 92 
34 93 
34 94 
34 96 
34 99 
34 100 
35 36 
35 37 
35 38 
35 41 
35 42 
35 43 
35 44 
35 45 
35 46 
35 47 
35 49 
35 51 
35 52 
35 55 
35 56 
35 57 
35 58 
35 62 
35 63 
35 65 
35 69 
35 70 
35 72 
35 73 
35 74 
35 76 
35 78 
35 79 
35 80 
35 81 
35 82 
35 83 
35 87 
35 90 
35 94 
35 95 
35 98 
35 99 
35 100 
36 37 
36 39 
36 41 
36 42 
36 44 
36 46 
36 47 
36 48 
36 51 
36 52 
36 53 
36 54 
36 55 
36 58 
36 60 
36 61 
36 63 
36 67 
36 68 
36 74 
36 76 
36 77 
36 79 
36 80 
36 83 
36 86 
36 89 
36 90 
36 91 
36 94 
36 96 
36 97 
36 98 
36 99 
36 100 
37 38 
37 40 
37 41 
37 46 
37 48 
37 53 
37 54 
37 55 
37 56 
37 57 
37 58 
37 59 
37 60 
37 62 
37 63 
37 64 
37 66 
37 69 
37 71 
37 75 
37 76 
37 80 
37 83 
37 85 
37 87 
37 88 
37 89 
37 92 
37 93 
37 95 
37 98 
37 99 
38 39 
38 40 
38 41 
38 42 
38 43 
38 44 
38 46 
38 48 
38 50 
38 52 
38 53 
38 55 
38 56 
38 57 
38 58 
38 59 
38 60 
38 62 
38 66 
38 67 
38 69 
38 70 
38 73 
38 74 
38 75 
38 77 
38 79 
38 80 
38 83 
38 84 
38 85 
38 86 
38 87 
38 89 
38 90 
38 92 
38 93 
38 99 
38 100 
39 40 
39 41 
39 42 
39 43 
39 44 
39 45 
39 46 
39 48 
39 50 
39 52 
39 53 
39 56 
39 58 
39 59 
39 65 
39 67 
39 69 
39 70 
39 71 
39 72 
39 75 
39 76 
39 79 
39 80 
39 81 
39 85 
39 87 
39 90 
39 93 
39 94 
39 95 
39 96 
39 97 
39 98 
39 99 
39 100 
40 42 
40 43 
40 44 
40 45 
40 47 
40 48 
40 52 
40 53 
40 54 
40 55 
40 56 
40 57 
40 58 
40 61 
40 62 
40 63 
40 64 
40 65 
40 66 
40 67 
40 70 
40 71 
40 72 
40 73 
40 74 
40 75 
40 76 
40 77 
40 79 
40 81 
40 82 
40 84 
40 85 
40 86 
40 88 
40 90 
40 91 
40 93 
40 94 
40 96 
40 98 
40 100 
41 43 
41 44 
41 45 
41 46 
41 47 
41 48 
41 49 
41 52 
41 57 
41 58 
41 62 
41 64 
41 65 
41 66 
41 67 
41 73 
41 79 
41 80 
41 82 
41 83 
41 85 
41 86 
41 88 
41 90 
41 95 
41 96 
41 97 
41 99 
41 100 
42 45 
42 46 
42 50 
42 51 
42 52 
42 55 
42 56 
42 58 
42 59 
42 62 
42 63 
42 64 
42 67 
42 68 
42 73 
42 74 
42 76 
42 78 
42 81 
42 82 
42 85 
42 86 
42 87 
42 92 
42 93 
42 94 
42 95 
42 96 
42 97 
42 98 
42 100 
43 44 
43 45 
43 46 
43 47 
43 48 
43 49 
43 50 
43 51 
43 52 
43 53 
43 54 
43 55 
43 57 
43 58 
43 59 
43 60 
43 63 
43 66 
43 67 
43 68 
43 69 
43 71 
43 72 
43 73 
43 75 
43 76 
43 77 
43 78 
43 80 
43 81 
43 82 
43 84 
43 85 
43 88 
43 89 
43 92 
43 95 
43 97 
44 45 
44 48 
44 49 
44 50 
44 51 
44 52 
44 54 
44 55 
44 56 
44 59 
44 60 
44 62 
44 63 
44 64 
44 65 
44 66 
44 67 
44 68 
44 70 
44 71 
44 74 
44 76 
44 79 
44 83 
44 84 
44 85 
44 86 
44 87 
44 88 
44 91 
44 92 
44 93 
44 94 
44 95 
44 98 
44 100 
45 46 
45 48 
45 50 
45 51 
45 53 
45 54 
45 58 
45 59 
45 64 
45 65 
45 68 
45 70 
45 71 
45 72 
45 74 
45 75 
45 77 
45 78 
45 80 
45 81 
45 83 
45 86 
45 88 
45 89 
45 90 
45 91 
45 94 
45 95 
45 96 
45 98 
45 99 
46 47 
46 48 
46 49 
46 51 
46 52 
46 54 
46 55 
46 56 
46 62 
46 65 
46 67 
46 68 
46 70 
46 71 
46 73 
46 74 
46 76 
46 77 
46 78 
46 81 
46 84 
46 85 
46 89 
46 90 
46 91 
46 93 
46 98 
46 99 
46 100 
47 50 
47 51 
47 53 
47 55 
47 56 
47 57 
47 59 
47 60 
47 61 
47 63 
47 68 
47 69 
47 70 
47 71 
47 72 
47 73 
47 75 
47 76 
47 77 
47 82 
47 83 
47 84 
47 85 
47 86 
47 87 
47 88 
47 89 
47 90 
47 93 
47 95 
47 96 
47 97 
47 98 
47 100 
48 49 
48 50 
48 51 
48 53 
48 54 
48 55 
48 60 
48 62 
48 64 
48 65 
48 66 
48 69 
48 70 
48 72 
48 73 
48 75 
48 76 
48 77 
48 78 
48 79 
48 80 
48 81 
48 88 
48 89 
48 92 
48 95 
48 97 
48 99 
48 100 
49 50 
49 53 
49 54 
49 59 
49 60 
49 62 
49 63 
49 64 
49 65 
49 66 
49 67 
49 70 
49 71 
49 73 
49 79 
49 80 
49 82 
49 83 
49 88 
49 89 
49 90 
49 94 
49 96 
49 98 
49 99 
49 100 
50 53 
50 54 
50 55 
50 56 
50 57 
50 59 
50 60 
50 62 
50 63 
50 66 
50 67 
50 68 
50 69 
50 70 
50 72 
50 73 
50 75 
50 76 
50 77 
50 78 
50 79 
50 80 
50 81 
50 82 
50 86 
50 88 
50 91 
50 92 
50 93 
50 94 
50 95 
50 96 
50 97 
51 54 
51 56 
51 57 
51 61 
51 64 
51 66 
51 68 
51 69 
51 70 
51 71 
51 76 
51 77 
51 78 
51 79 
51 83 
51 84 
51 86 
51 89 
51 90 
51 92 
51 93 
51 94 
51 95 
51 97 
51 98 
51 100 
52 53 
52 56 
52 57 
52 58 
52 61 
52 62 
52 63 
52 64 
52 65 
52 67 
52 70 
52 71 
52 72 
52 74 
52 77 
52 78 
52 81 
52 83 
52 84 
52 85 
52 86 
52 87 
52 88 
52 89 
52 90 
52 91 
52 93 
52 94 
52 95 
52 97 
52 98 
52 99 
53 54 
53 55 
53 56 
53 57 
53 58 
53 60 
53 63 
53 65 
53 66 
53 67 
53 68 
53 70 
53 71 
53 72 
53 76 
53 77 
53 78 
53 79 
53 81 
53 82 
53 84 
53 85 
53 87 
53 89 
53 91 
53 96 
53 97 
53 99 
53 100 
54 55 
54 56 
54 58 
54 60 
54 61 
54 62 
54 67 
54 68 
54 70 
54 71 
54 72 
54 75 
54 76 
54 77 
54 78 
54 79 
54 80 
54 84 
54 86 
54 87 
54 93 
54 96 
54 97 
54 100 
55 56 
55 57 
55 58 
55 59 
55 60 
55 61 
55 62 
55 63 
55 64 
55 69 
55 71 
55 73 
55 76 
55 77 
55 79 
55 80 
55 81 
55 82 
55 83 
55 84 
55 86 
55 87 
55 88 
55 90 
55 92 
55 93 
55 94 
55 96 
55 97 
55 98 
55 100 
56 57 
56 58 
56 60 
56 62 
56 63 
56 64 
56 66 
56 69 
56 70 
56 71 
56 73 
56 74 
56 75 
56 76 
56 77 
56 78 
56 79 
56 80 
56 82 
56 85 
56 86 
56 87 
56 90 
56 94 
56 95 
56 96 
56 97 
56 98 
56 100 
57 58 
57 59 
57 60 
57 61 
57 62 
57 63 
57 66 
57 69 
57 70 
57 71 
57 72 
57 73 
57 76 
57 77 
57 80 
57 82 
57 83 
57 84 
57 85 
57 86 
57 89 
57 90 
57 92 
57 93 
57 94 
57 95 
57 96 
57 97 
57 98 
57 99 
57 100 
58 60 
58 62 
58 63 
58 66 
58 68 
58 74 
58 75 
58 76 
58 79 
58 80 
58 81 
58 82 
58 84 
58 85 
58 86 
58 89 
58 91 
58 93 
58 94 
58 95 
58 96 
58 99 
59 61 
59 62 
59 63 
59 64 
59 65 
59 66 
59 67 
59 68 
59 69 
59 71 
59 74 
59 75 
59 76 
59 78 
59 79 
59 80 
59 81 
59 83 
59 84 
59 86 
59 87 
59 89 
59 90 
59 91 
59 92 
59 93 
59 94 
59 96 
59 97 
59 100 
60 61 
60 64 
60 66 
60 69 
60 70 
60 71 
60 74 
60 75 
60 77 
60 79 
60 80 
60 82 
60 85 
60 86 
60 89 
60 90 
60 92 
60 94 
60 95 
60 96 
60 97 
60 98 
60 100 
61 62 
61 63 
61 64 
61 65 
61 68 
61 69 
61 70 
61 71 
61 73 
61 76 
61 77 
61 78 
61 80 
61 81 
61 82 
61 84 
61 86 
61 89 
61 90 
61 91 
61 92 
61 93 
61 95 
61 96 
61 97 
61 98 
62 63 
62 65 
62 66 
62 67 
62 70 
62 71 
62 73 
62 76 
62 77 
62 79 
62 80 
62 81 
62 82 
62 83 
62 84 
62 85 
62 86 
62 87 
62 88 
62 89 
62 91 
62 92 
62 94 
62 95 
62 98 
62 100 
63 64 
63 65 
63 69 
63 70 
63 72 
63 73 
63 77 
63 78 
63 79 
63 80 
63 84 
63 87 
63 88 
63 89 
63 91 
63 92 
63 93 
63 96 
63 99 
63 100 
64 65 
64 67 
64 69 
64 70 
64 72 
64 74 
64 78 
64 79 
64 81 
64 82 
64 83 
64 85 
64 86 
64 88 
64 89 
64 90 
64 91 
64 92 
64 93 
64 94 
64 95 
64 96 
64 100 
65 66 
65 67 
65 68 
65 69 
65 70 
65 73 
65 74 
65 76 
65 77 
65 78 
65 79 
65 80 
65 81 
65 83 
65 88 
65 89 
65 90 
65 91 
65 92 
65 93 
65 94 
65 95 
65 98 
65 99 
65 100 
66 67 
66 68 
66 73 
66 74 
66 75 
66 77 
66 78 
66 80 
66 85 
66 86 
66 87 
66 89 
66 92 
66 93 
66 94 
66 97 
66 98 
66 100 
67 68 
67 69 
67 70 
67 75 
67 76 
67 77 
67 79 
67 80 
67 81 
67 82 
67 85 
67 87 
67 89 
67 90 
67 91 
67 94 
67 95 
67 96 
67 97 
67 98 
67 99 
68 70 
68 71 
68 72 
68 73 
68 75 
68 76 
68 77 
68 78 
68 79 
68 82 
68 83 
68 85 
68 86 
68 88 
68 90 
68 92 
68 93 
68 95 
68 96 
68 98 
68 100 
69 71 
69 73 
69 74 
69 75 
69 77 
69 78 
69 79 
69 81 
69 83 
69 84 
69 86 
69 90 
69 93 
69 94 
69 95 
69 96 
69 99 
69 100 
70 71 
70 73 
70 74 
70 75 
70 77 
70 78 
70 79 
70 80 
70 83 
70 84 
70 85 
70 86 
70 87 
70 88 
70 89 
70 90 
70 92 
70 94 
70 95 
70 97 
70 99 
70 100 
71 72 
71 75 
71 77 
71 80 
71 81 
71 82 
71 84 
71 85 
71 86 
71 87 
71 90 
71 91 
71 93 
71 94 
71 96 
71 97 
71 98 
71 100 
72 73 
72 75 
72 78 
72 79 
72 81 
72 82 
72 83 
72 84 
72 85 
72 86 
72 87 
72 88 
72 89 
72 92 
72 94 
72 97 
73 74 
73 75 
73 79 
73 80 
73 81 
73 82 
73 84 
73 87 
73 88 
73 92 
73 93 
73 94 
73 95 
73 97 
74 77 
74 80 
74 82 
74 83 
74 84 
74 85 
74 88 
74 89 
74 92 
74 94 
74 100 
75 76 
75 77 
75 79 
75 81 
75 83 
75 84 
75 86 
75 87 
75 88 
75 90 
75 95 
75 96 
75 97 
75 100 
76 78 
76 79 
76 81 
76 82 
76 84 
76 85 
76 86 
76 89 
76 90 
76 91 
76 92 
76 93 
76 94 
76 98 
76 99 
76 100 
77 83 
77 85 
77 89 
77 93 
77 95 
77 96 
77 98 
77 100 
78 79 
78 84 
78 85 
78 86 
78 87 
78 88 
78 93 
78 94 
78 95 
78 96 
78 97 
78 99 
78 100 
79 80 
79 82 
79 85 
79 86 
79 87 
79 96 
79 97 
79 98 
79 100 
80 81 
80 82 
80 83 
80 84 
80 87 
80 88 
80 89 
80 91 
80 92 
80 95 
80 98 
80 99 
81 83 
81 84 
81 86 
81 90 
81 91 
81 93 
81 95 
81 96 
81 97 
81 98 
81 99 
81 100 
82 83 
82 84 
82 85 
82 89 
82 92 
82 94 
82 95 
82 96 
82 97 
82 98 
82 99 
82 100 
83 84 
83 85 
83 88 
83 91 
83 93 
83 94 
83 95 
83 96 
83 97 
83 98 
84 85 
84 86 
84 87 
84 90 
84 91 
84 92 
84 93 
84 94 
84 95 
84 96 
84 97 
84 98 
84 99 
85 86 
85 87 
85 88 
85 92 
85 94 
85 95 
85 96 
85 98 
85 99 
85 100 
86 87 
86 88 
86 89 
86 90 
86 91 
86 92 
86 94 
86 97 
86 98 
86 100 
87 89 
87 90 
87 91 
87 92 
87 93 
87 94 
87 95 
87 96 
87 98 
88 91 
88 92 
88 93 
88 94 
88 95 
88 97 
88 98 
88 99 
89 90 
89 92 
89 93 
89 94 
89 96 
89 99 
89 100 
90 93 
90 95 
90 98 
90 99 
90 100 
91 92 
91 94 
91 96 
91 97 
91 98 
91 99 
92 93 
92 94 
92 95 
92 97 
92 98 
92 99 
93 94 
93 95 
93 96 
93 97 
93 98 
93 99 
94 95 
94 96 
94 97 
94 98 
94 99 
95 98 
95 99 
95 100 
96 97 
96 98 
97 98 
97 100 
98 99 
98 100 
99 100