100 2475 
1 4 
1 5 
1 6 
1 7 
1 10 
1 13 
1 15 
1 17 
1 18 
1 21 
1 26 
1 33 
1 34 
1 35 
1 37 
1 39 
1 40 
1 43 
1 44 
1 45 
1 46 
1 47 
1 52 
1 53 
1 54 
1 57 
1 58 
1 60 
1 61 
1 64 
1 65 
1 66 
1 72 
1 75 
1 76 
1 77 
1 79 
1 83 
1 84 
1 88 
1 89 
1 91 
1 95 
1 96 
1 98 
1 99 
1 100 
2 3 
2 5 
2 7 
2 9 
2 11 
2 15 
2 17 
2 18 
2 20 
2 22 
2 23 
2 24 
2 25 
2 26 
2 28 
2 29 
2 30 
2 31 
2 32 
2 33 
2 35 
2 36 
2 37 
2 38 
2 43 
2 47 
2 49 
2 50 
2 52 
2 53 
2 54 
2 56 
2 57 
2 58 
2 61 
2 63 
2 68 
2 70 
2 74 
2 78 
2 79 
2 80 
2 81 
2 83 
2 84 
2 86 
2 87 
2 94 
2 95 
2 96 
2 97 
2 99 
2 100 
3 5 
3 10 
3 11 
3 12 
3 14 
3 15 
3 19 
3 20 
3 21 
3 22 
3 25 
3 29 
3 33 
3 36 
3 37 
3 40 
3 41 
3 42 
3 44 
3 47 
3 51 
3 53 
3 59 
3 61 
3 68 
3 69 
3 71 
3 75 
3 76 
3 78 
3 80 
3 81 
3 83 
3 84 
3 85 
3 86 
3 89 
3 90 
3 91 
3 94 
3 95 
3 97 
3 99 
4 6 
4 8 
4 9 
4 12 
4 14 
4 16 
4 18 
4 20 
4 22 
4 23 
4 24 
4 28 
4 30 
4 31 
4 33 
4 37 
4 43 
4 46 
4 50 
4 53 
4 55 
4 57 
4 62 
4 63 
4 64 
4 68 
4 69 
4 70 
4 72 
4 75 
4 76 
4 77 
4 78 
4 79 
4 82 
4 83 
4 86 
4 88 
4 89 
4 92 
4 97 
4 98 
4 100 
5 9 
5 13 
5 15 
5 17 
5 18 
5 19 
5 21 
5 24 
5 25 
5 27 
5 30 
5 33 
5 36 
5 37 
5 38 
5 40 
5 41 
5 44 
5 46 
5 47 
5 50 
5 52 
5 53 
5 56 
5 59 
5 60 
5 61 
5 63 
5 64 
5 66 
5 70 
5 71 
5 72 
5 73 
5 74 
5 75 
5 78 
5 80 
5 81 
5 83 
5 84 
5 86 
5 93 
5 95 
5 96 
5 97 
5 100 
6 8 
6 9 
6 16 
6 17 
6 18 
6 19 
6 23 
6 24 
6 25 
6 27 
6 28 
6 30 
6 35 
6 36 
6 39 
6 41 
6 45 
6 46 
6 49 
6 52 
6 54 
6 58 
6 59 
6 62 
6 63 
6 64 
6 65 
6 66 
6 67 
6 70 
6 71 
6 74 
6 75 
6 76 
6 77 
6 78 
6 79 
6 80 
6 89 
6 90 
6 91 
6 92 
6 93 
6 96 
6 99 
6 100 
7 8 
7 11 
7 13 
7 14 
7 19 
7 24 
7 26 
7 27 
7 28 
7 30 
7 31 
7 33 
7 34 
7 35 
7 36 
7 37 
7 41 
7 42 
7 45 
7 47 
7 48 
7 50 
7 52 
7 54 
7 56 
7 61 
7 65 
7 67 
7 68 
7 69 
7 71 
7 73 
7 78 
7 79 
7 81 
7 82 
7 84 
7 87 
7 88 
7 89 
7 91 
7 96 
8 11 
8 12 
8 15 
8 16 
8 17 
8 18 
8 20 
8 27 
8 28 
8 30 
8 32 
8 34 
8 35 
8 38 
8 39 
8 40 
8 41 
8 44 
8 45 
8 46 
8 50 
8 52 
8 54 
8 55 
8 63 
8 65 
8 68 
8 69 
8 71 
8 72 
8 73 
8 74 
8 76 
8 77 
8 80 
8 82 
8 84 
8 85 
8 88 
8 89 
8 97 
8 100 
9 10 
9 15 
9 16 
9 17 
9 19 
9 22 
9 24 
9 25 
9 26 
9 27 
9 28 
9 29 
9 30 
9 32 
9 33 
9 34 
9 35 
9 37 
9 38 
9 39 
9 45 
9 46 
9 49 
9 50 
9 53 
9 57 
9 59 
9 60 
9 62 
9 67 
9 68 
9 74 
9 76 
9 77 
9 78 
9 79 
9 81 
9 82 
9 83 
9 85 
9 86 
9 87 
9 88 
9 91 
9 92 
9 93 
9 96 
9 98 
10 15 
10 16 
10 19 
10 20 
10 21 
10 23 
10 25 
10 28 
10 29 
10 30 
10 32 
10 33 
10 34 
10 36 
10 37 
10 38 
10 40 
10 42 
10 43 
10 44 
10 49 
10 51 
10 54 
10 59 
10 62 
10 63 
10 64 
10 65 
10 67 
10 70 
10 72 
10 73 
10 74 
10 75 
10 77 
10 78 
10 79 
10 82 
10 83 
10 84 
10 86 
10 87 
10 89 
10 90 
10 96 
11 16 
11 21 
11 24 
11 27 
11 28 
11 29 
11 30 
11 32 
11 38 
11 40 
11 43 
11 44 
11 47 
11 51 
11 55 
11 56 
11 57 
11 59 
11 60 
11 62 
11 63 
11 65 
11 68 
11 70 
11 74 
11 75 
11 76 
11 83 
11 87 
11 89 
11 90 
11 92 
11 95 
11 96 
11 97 
11 98 
11 99 
11 100 
12 15 
12 18 
12 19 
12 21 
12 22 
12 23 
12 25 
12 27 
12 28 
12 33 
12 34 
12 35 
12 38 
12 39 
12 44 
12 45 
12 46 
12 47 
12 57 
12 58 
12 59 
12 62 
12 63 
12 64 
12 65 
12 67 
12 68 
12 69 
12 70 
12 71 
12 73 
12 75 
12 76 
12 77 
12 80 
12 84 
12 86 
12 90 
12 94 
12 95 
12 97 
12 98 
12 100 
13 14 
13 15 
13 17 
13 18 
13 19 
13 20 
13 26 
13 27 
13 28 
13 29 
13 30 
13 33 
13 34 
13 37 
13 38 
13 40 
13 42 
13 44 
13 48 
13 50 
13 51 
13 53 
13 54 
13 56 
13 58 
13 59 
13 60 
13 61 
13 64 
13 67 
13 70 
13 72 
13 74 
13 77 
13 81 
13 83 
13 85 
13 87 
13 89 
13 91 
13 93 
13 94 
13 96 
13 99 
13 100 
14 16 
14 17 
14 18 
14 20 
14 26 
14 27 
14 28 
14 32 
14 33 
14 35 
14 39 
14 42 
14 43 
14 47 
14 48 
14 49 
14 50 
14 51 
14 53 
14 58 
14 60 
14 62 
14 63 
14 66 
14 69 
14 71 
14 72 
14 74 
14 78 
14 79 
14 81 
14 82 
14 85 
14 87 
14 88 
14 89 
14 92 
14 94 
14 95 
14 97 
14 98 
14 99 
14 100 
15 16 
15 18 
15 19 
15 20 
15 21 
15 23 
15 26 
15 27 
15 30 
15 32 
15 33 
15 34 
15 35 
15 36 
15 37 
15 42 
15 46 
15 50 
15 51 
15 53 
15 54 
15 56 
15 58 
15 60 
15 61 
15 62 
15 66 
15 69 
15 77 
15 80 
15 81 
15 82 
15 83 
15 84 
15 85 
15 86 
15 88 
15 90 
15 91 
15 92 
15 95 
15 96 
15 97 
15 99 
15 100 
16 18 
16 19 
16 23 
16 25 
16 26 
16 27 
16 31 
16 33 
16 35 
16 36 
16 37 
16 39 
16 48 
16 50 
16 51 
16 52 
16 53 
16 54 
16 57 
16 59 
16 62 
16 63 
16 64 
16 67 
16 68 
16 71 
16 73 
16 74 
16 75 
16 77 
16 80 
16 81 
16 83 
16 84 
16 89 
16 91 
16 93 
16 94 
16 95 
16 96 
16 98 
16 99 
17 21 
17 24 
17 25 
17 28 
17 29 
17 37 
17 41 
17 43 
17 44 
17 46 
17 47 
17 49 
17 50 
17 54 
17 58 
17 59 
17 63 
17 65 
17 66 
17 67 
17 69 
17 71 
17 74 
17 75 
17 76 
17 78 
17 79 
17 81 
17 82 
17 83 
17 86 
17 87 
17 89 
17 94 
17 95 
17 97 
17 100 
18 19 
18 20 
18 23 
18 24 
18 28 
18 30 
18 32 
18 34 
18 35 
18 36 
18 37 
18 38 
18 39 
18 41 
18 43 
18 45 
18 46 
18 47 
18 48 
18 49 
18 51 
18 52 
18 53 
18 54 
18 55 
18 58 
18 59 
18 61 
18 64 
18 66 
18 68 
18 70 
18 74 
18 75 
18 76 
18 79 
18 80 
18 82 
18 83 
18 84 
18 86 
18 88 
18 90 
18 91 
18 94 
18 95 
18 96 
18 97 
18 99 
18 100 
19 20 
19 21 
19 23 
19 25 
19 27 
19 28 
19 29 
19 30 
19 33 
19 40 
19 41 
19 43 
19 44 
19 48 
19 56 
19 58 
19 59 
19 65 
19 66 
19 67 
19 70 
19 71 
19 72 
19 75 
19 77 
19 78 
19 79 
19 80 
19 83 
19 87 
19 90 
19 91 
19 94 
19 95 
19 100 
20 21 
20 23 
20 26 
20 28 
20 30 
20 33 
20 35 
20 36 
20 37 
20 41 
20 44 
20 46 
20 47 
20 49 
20 51 
20 52 
20 54 
20 56 
20 60 
20 61 
20 63 
20 64 
20 66 
20 70 
20 71 
20 72 
20 73 
20 74 
20 75 
20 76 
20 77 
20 78 
20 79 
20 80 
20 83 
20 84 
20 86 
20 88 
20 89 
20 91 
20 92 
20 93 
20 94 
20 95 
20 96 
20 97 
20 98 
20 99 
20 100 
21 23 
21 25 
21 26 
21 27 
21 29 
21 32 
21 33 
21 34 
21 37 
21 40 
21 41 
21 46 
21 47 
21 48 
21 49 
21 50 
21 51 
21 55 
21 56 
21 59 
21 60 
21 64 
21 66 
21 68 
21 69 
21 71 
21 72 
21 74 
21 75 
21 76 
21 78 
21 79 
21 81 
21 83 
21 90 
21 92 
21 93 
21 95 
21 97 
21 98 
21 99 
22 23 
22 24 
22 29 
22 35 
22 39 
22 40 
22 41 
22 42 
22 43 
22 44 
22 46 
22 47 
22 50 
22 51 
22 58 
22 59 
22 60 
22 63 
22 64 
22 65 
22 66 
22 68 
22 69 
22 72 
22 74 
22 75 
22 76 
22 77 
22 78 
22 81 
22 82 
22 87 
22 88 
22 89 
22 91 
22 93 
22 95 
22 96 
22 97 
22 100 
23 29 
23 32 
23 34 
23 36 
23 37 
23 38 
23 41 
23 43 
23 48 
23 50 
23 51 
23 53 
23 55 
23 56 
23 58 
23 59 
23 60 
23 61 
23 62 
23 64 
23 69 
23 70 
23 73 
23 74 
23 76 
23 77 
23 80 
23 82 
23 83 
23 84 
23 86 
23 90 
23 93 
23 94 
23 95 
23 96 
23 97 
23 99 
23 100 
24 28 
24 31 
24 34 
24 35 
24 36 
24 37 
24 38 
24 39 
24 40 
24 42 
24 45 
24 47 
24 48 
24 51 
24 52 
24 53 
24 54 
24 55 
24 56 
24 58 
24 59 
24 60 
24 62 
24 67 
24 71 
24 72 
24 76 
24 82 
24 86 
24 88 
24 96 
24 97 
24 100 
25 27 
25 29 
25 30 
25 32 
25 33 
25 34 
25 35 
25 36 
25 37 
25 41 
25 52 
25 54 
25 55 
25 57 
25 60 
25 61 
25 62 
25 65 
25 68 
25 71 
25 72 
25 73 
25 75 
25 80 
25 82 
25 83 
25 84 
25 87 
25 89 
25 91 
25 92 
25 95 
25 97 
25 100 
26 28 
26 33 
26 38 
26 39 
26 40 
26 41 
26 44 
26 45 
26 46 
26 49 
26 52 
26 55 
26 58 
26 60 
26 64 
26 65 
26 66 
26 79 
26 82 
26 83 
26 85 
26 90 
26 92 
26 95 
26 97 
26 98 
26 99 
27 28 
27 29 
27 30 
27 31 
27 33 
27 34 
27 35 
27 36 
27 38 
27 41 
27 43 
27 44 
27 47 
27 48 
27 49 
27 51 
27 52 
27 53 
27 54 
27 65 
27 67 
27 69 
27 70 
27 71 
27 72 
27 73 
27 77 
27 79 
27 81 
27 82 
27 84 
27 85 
27 87 
27 88 
27 91 
27 94 
27 95 
27 96 
27 97 
27 99 
28 29 
28 32 
28 33 
28 35 
28 36 
28 37 
28 38 
28 39 
28 40 
28 43 
28 45 
28 47 
28 50 
28 53 
28 54 
28 55 
28 56 
28 58 
28 61 
28 62 
28 63 
28 66 
28 73 
28 76 
28 77 
28 78 
28 79 
28 80 
28 81 
28 82 
28 83 
28 85 
28 86 
28 87 
28 88 
28 89 
28 93 
28 94 
28 95 
28 97 
28 98 
29 31 
29 37 
29 38 
29 42 
29 45 
29 46 
29 48 
29 52 
29 56 
29 57 
29 58 
29 59 
29 62 
29 65 
29 66 
29 67 
29 70 
29 72 
29 73 
29 76 
29 78 
29 80 
29 82 
29 84 
29 88 
29 89 
29 90 
29 91 
29 92 
29 93 
29 94 
29 95 
29 96 
29 97 
29 100 
30 31 
30 34 
30 35 
30 36 
30 37 
30 38 
30 39 
30 41 
30 42 
30 43 
30 45 
30 50 
30 51 
30 52 
30 54 
30 57 
30 59 
30 61 
30 63 
30 64 
30 65 
30 67 
30 69 
30 71 
30 73 
30 75 
30 78 
30 79 
30 81 
30 82 
30 83 
30 84 
30 87 
30 90 
30 96 
30 97 
30 98 
30 99 
30 100 
31 34 
31 35 
31 38 
31 39 
31 41 
31 42 
31 44 
31 45 
31 48 
31 49 
31 50 
31 53 
31 54 
31 55 
31 56 
31 58 
31 60 
31 61 
31 62 
31 63 
31 64 
31 65 
31 66 
31 67 
31 69 
31 70 
31 72 
31 74 
31 77 
31 78 
31 80 
31 81 
31 85 
31 86 
31 88 
31 89 
31 90 
31 96 
31 99 
32 33 
32 34 
32 36 
32 37 
32 38 
32 39 
32 41 
32 51 
32 52 
32 56 
32 58 
32 60 
32 61 
32 62 
32 63 
32 65 
32 70 
32 71 
32 72 
32 75 
32 76 
32 77 
32 81 
32 87 
32 88 
32 91 
32 92 
32 96 
32 97 
33 34 
33 35 
33 36 
33 37 
33 39 
33 42 
33 44 
33 45 
33 46 
33 48 
33 52 
33 53 
33 54 
33 55 
33 56 
33 57 
33 61 
33 62 
33 64 
33 66 
33 67 
33 68 
33 69 
33 71 
33 72 
33 73 
33 76 
33 77 
33 78 
33 81 
33 83 
33 85 
33 86 
33 87 
33 90 
33 92 
33 97 
33 99 
33 100 
34 39 
34 40 
34 41 
34 43 
34 45 
34 52 
34 53 
34 54 
34 57 
34 58 
34 60 
34 66 
34 68 
34 69 
34 70 
34 72 
34 73 
34 76 
34 77 
34 79 
34 80 
34 83 
34 84 
34 85 
34 86 
34 88 
34 89 
34 93 
34 94 
34 95 
34 98 
34 99 
34 100 
35 36 
35 38 
35 43 
35 46 
35 50 
35 51 
35 52 
35 56 
35 57 
35 58 
35 59 
35 60 
35 62 
35 67 
35 68 
35 71 
35 73 
35 74 
35 75 
35 81 
35 82 
35 86 
35 91 
35 94 
35 95 
35 96 
35 98 
35 99 
36 38 
36 40 
36 41 
36 43 
36 44 
36 45 
36 46 
36 48 
36 49 
36 50 
36 52 
36 54 
36 55 
36 57 
36 58 
36 59 
36 65 
36 66 
36 67 
36 68 
36 69 
36 72 
36 73 
36 76 
36 79 
36 80 
36 84 
36 86 
36 89 
36 90 
36 91 
36 93 
36 94 
36 97 
36 99 
37 38 
37 39 
37 40 
37 41 
37 43 
37 45 
37 46 
37 49 
37 50 
37 51 
37 53 
37 54 
37 55 
37 58 
37 60 
37 62 
37 63 
37 64 
37 66 
37 67 
37 68 
37 69 
37 71 
37 73 
37 74 
37 75 
37 77 
37 78 
37 79 
37 81 
37 82 
37 83 
37 88 
37 89 
37 91 
37 94 
37 95 
37 96 
37 97 
37 98 
37 100 
38 40 
38 41 
38 42 
38 45 
38 49 
38 51 
38 52 
38 53 
38 59 
38 60 
38 61 
38 63 
38 65 
38 66 
38 67 
38 68 
38 69 
38 72 
38 73 
38 74 
38 76 
38 79 
38 84 
38 86 
38 87 
38 88 
38 89 
38 90 
38 93 
38 96 
38 99 
39 40 
39 41 
39 42 
39 43 
39 44 
39 45 
39 47 
39 50 
39 52 
39 53 
39 56 
39 59 
39 60 
39 62 
39 63 
39 66 
39 68 
39 71 
39 72 
39 78 
39 79 
39 80 
39 82 
39 86 
39 88 
39 89 
39 90 
39 93 
39 95 
39 99 
40 44 
40 48 
40 52 
40 54 
40 56 
40 59 
40 62 
40 63 
40 65 
40 66 
40 69 
40 72 
40 73 
40 76 
40 77 
40 78 
40 85 
40 87 
40 88 
40 91 
40 95 
40 97 
40 98 
40 99 
40 100 
41 46 
41 48 
41 50 
41 52 
41 53 
41 56 
41 58 
41 59 
41 61 
41 62 
41 63 
41 66 
41 68 
41 71 
41 72 
41 73 
41 74 
41 77 
41 78 
41 79 
41 82 
41 85 
41 91 
41 92 
41 93 
41 94 
41 95 
41 98 
42 45 
42 46 
42 47 
42 48 
42 52 
42 57 
42 61 
42 63 
42 65 
42 67 
42 70 
42 71 
42 74 
42 75 
42 76 
42 77 
42 83 
42 84 
42 85 
42 87 
42 88 
42 90 
42 91 
42 92 
42 96 
42 97 
43 44 
43 48 
43 50 
43 52 
43 53 
43 55 
43 63 
43 64 
43 66 
43 69 
43 71 
43 72 
43 73 
43 76 
43 77 
43 79 
43 81 
43 82 
43 83 
43 85 
43 89 
43 90 
43 95 
43 97 
43 98 
43 99 
44 45 
44 48 
44 49 
44 50 
44 51 
44 52 
44 53 
44 55 
44 56 
44 57 
44 61 
44 63 
44 64 
44 66 
44 71 
44 72 
44 73 
44 74 
44 75 
44 79 
44 80 
44 81 
44 82 
44 83 
44 84 
44 89 
44 91 
44 93 
44 94 
44 97 
44 98 
45 47 
45 50 
45 51 
45 54 
45 60 
45 61 
45 63 
45 65 
45 66 
45 68 
45 70 
45 71 
45 72 
45 75 
45 76 
45 77 
45 78 
45 79 
45 80 
45 81 
45 83 
45 87 
45 92 
45 93 
45 94 
45 98 
45 99 
46 47 
46 51 
46 54 
46 55 
46 56 
46 58 
46 59 
46 61 
46 62 
46 63 
46 69 
46 72 
46 77 
46 79 
46 81 
46 83 
46 85 
46 86 
46 88 
46 89 
46 90 
46 91 
46 94 
46 95 
46 96 
46 98 
46 100 
47 49 
47 50 
47 51 
47 52 
47 53 
47 56 
47 57 
47 60 
47 61 
47 62 
47 64 
47 70 
47 71 
47 75 
47 76 
47 77 
47 78 
47 82 
47 83 
47 91 
47 93 
47 94 
47 95 
47 96 
47 97 
47 100 
48 51 
48 53 
48 59 
48 62 
48 64 
48 66 
48 68 
48 71 
48 72 
48 73 
48 76 
48 77 
48 81 
48 82 
48 84 
48 87 
48 88 
48 91 
48 92 
48 96 
48 97 
48 100 
49 51 
49 52 
49 53 
49 56 
49 57 
49 59 
49 64 
49 66 
49 67 
49 69 
49 73 
49 75 
49 77 
49 78 
49 85 
49 88 
49 89 
49 90 
49 92 
49 93 
49 97 
49 98 
49 99 
50 52 
50 53 
50 56 
50 57 
50 59 
50 61 
50 62 
50 64 
50 65 
50 67 
50 69 
50 70 
50 72 
50 74 
50 75 
50 76 
50 77 
50 79 
50 80 
50 81 
50 83 
50 84 
50 85 
50 86 
50 87 
50 88 
50 89 
50 94 
50 95 
50 97 
50 98 
51 52 
51 53 
51 54 
51 56 
51 57 
51 62 
51 63 
51 64 
51 66 
51 68 
51 71 
51 74 
51 75 
51 77 
51 78 
51 80 
51 83 
51 84 
51 85 
51 86 
51 87 
51 88 
51 89 
51 90 
51 91 
51 92 
51 95 
51 96 
51 97 
51 98 
52 55 
52 58 
52 60 
52 62 
52 71 
52 73 
52 75 
52 76 
52 77 
52 80 
52 84 
52 86 
52 87 
52 92 
52 94 
52 97 
52 99 
53 55 
53 56 
53 58 
53 59 
53 60 
53 63 
53 66 
53 69 
53 70 
53 71 
53 72 
53 74 
53 77 
53 78 
53 80 
53 82 
53 84 
53 90 
53 97 
54 59 
54 60 
54 62 
54 63 
54 64 
54 65 
54 66 
54 67 
54 68 
54 71 
54 73 
54 76 
54 77 
54 81 
54 82 
54 83 
54 84 
54 86 
54 90 
54 91 
54 92 
54 98 
55 57 
55 60 
55 61 
55 63 
55 65 
55 66 
55 67 
55 69 
55 71 
55 72 
55 73 
55 74 
55 75 
55 76 
55 79 
55 80 
55 84 
55 85 
55 86 
55 87 
55 88 
55 90 
55 91 
55 94 
55 99 
56 57 
56 58 
56 60 
56 63 
56 64 
56 65 
56 66 
56 68 
56 69 
56 70 
56 72 
56 73 
56 76 
56 81 
56 82 
56 84 
56 85 
56 87 
56 88 
56 92 
56 93 
56 94 
56 98 
56 100 
57 58 
57 61 
57 62 
57 63 
57 65 
57 67 
57 68 
57 69 
57 70 
57 72 
57 75 
57 76 
57 77 
57 80 
57 81 
57 82 
57 83 
57 85 
57 90 
57 92 
57 99 
57 100 
58 59 
58 64 
58 65 
58 66 
58 68 
58 72 
58 73 
58 74 
58 75 
58 77 
58 79 
58 81 
58 84 
58 85 
58 87 
58 93 
58 96 
58 98 
58 100 
59 64 
59 66 
59 69 
59 70 
59 71 
59 72 
59 76 
59 77 
59 78 
59 79 
59 80 
59 82 
59 85 
59 87 
59 92 
59 93 
59 94 
59 98 
59 99 
60 62 
60 63 
60 64 
60 66 
60 70 
60 73 
60 76 
60 77 
60 80 
60 83 
60 87 
60 88 
60 89 
60 90 
60 94 
60 95 
60 96 
60 97 
61 62 
61 64 
61 65 
61 66 
61 68 
61 69 
61 70 
61 72 
61 73 
61 75 
61 76 
61 77 
61 79 
61 86 
61 87 
61 88 
61 89 
61 90 
61 92 
61 93 
61 97 
61 100 
62 64 
62 66 
62 67 
62 70 
62 74 
62 78 
62 80 
62 83 
62 84 
62 85 
62 86 
62 88 
62 90 
62 91 
62 92 
62 94 
62 95 
62 96 
62 100 
63 64 
63 66 
63 67 
63 68 
63 69 
63 72 
63 73 
63 75 
63 76 
63 77 
63 78 
63 81 
63 83 
63 84 
63 87 
63 88 
63 90 
63 91 
63 92 
63 94 
63 95 
63 96 
63 97 
64 68 
64 69 
64 70 
64 71 
64 73 
64 74 
64 75 
64 76 
64 78 
64 81 
64 82 
64 83 
64 84 
64 85 
64 87 
64 90 
64 96 
64 98 
64 99 
65 71 
65 72 
65 73 
65 74 
65 75 
65 76 
65 77 
65 83 
65 85 
65 87 
65 88 
65 89 
65 90 
65 91 
65 92 
65 93 
65 94 
65 100 
66 68 
66 69 
66 72 
66 73 
66 74 
66 76 
66 77 
66 78 
66 79 
66 80 
66 82 
66 84 
66 86 
66 88 
66 89 
66 90 
66 93 
66 95 
66 97 
67 69 
67 70 
67 72 
67 73 
67 74 
67 76 
67 80 
67 81 
67 86 
67 87 
67 88 
67 89 
67 90 
67 91 
67 92 
67 93 
67 96 
67 97 
67 98 
67 99 
68 69 
68 71 
68 74 
68 75 
68 76 
68 78 
68 79 
68 81 
68 84 
68 86 
68 87 
68 91 
68 93 
68 94 
69 71 
69 72 
69 77 
69 82 
69 83 
69 84 
69 85 
69 86 
69 88 
69 89 
69 91 
70 71 
70 73 
70 74 
70 76 
70 77 
70 78 
70 80 
70 83 
70 84 
70 86 
70 87 
70 90 
70 91 
70 96 
70 97 
70 98 
70 99 
70 100 
71 72 
71 75 
71 78 
71 83 
71 84 
71 85 
71 87 
71 88 
71 92 
71 95 
71 98 
71 100 
72 73 
72 75 
72 77 
72 78 
72 86 
72 89 
72 91 
72 92 
72 93 
72 94 
72 98 
72 99 
73 74 
73 76 
73 79 
73 80 
73 82 
73 83 
73 85 
73 86 
73 87 
73 88 
73 91 
73 92 
73 94 
73 95 
73 96 
73 97 
74 75 
74 78 
74 80 
74 81 
74 82 
74 83 
74 85 
74 88 
74 89 
74 90 
74 96 
74 97 
74 98 
74 100 
75 78 
75 79 
75 82 
75 83 
75 84 
75 85 
75 87 
75 88 
75 90 
75 93 
75 94 
75 97 
75 98 
75 100 
76 77 
76 78 
76 80 
76 81 
76 82 
76 83 
76 84 
76 85 
76 86 
76 88 
76 92 
76 95 
76 98 
76 99 
76 100 
77 78 
77 80 
77 82 
77 84 
77 87 
77 88 
77 92 
77 95 
77 97 
77 98 
77 100 
78 82 
78 84 
78 88 
78 89 
78 90 
78 92 
78 94 
78 95 
78 98 
78 99 
79 80 
79 83 
79 84 
79 86 
79 88 
79 89 
79 91 
79 92 
79 93 
79 96 
80 81 
80 82 
80 85 
80 87 
80 88 
80 93 
80 96 
80 97 
80 98 
80 99 
80 100 
81 85 
81 86 
81 88 
81 92 
81 93 
81 95 
81 99 
82 84 
82 85 
82 86 
82 87 
82 88 
82 91 
82 92 
82 93 
82 95 
82 96 
82 97 
82 98 
82 99 
82 100 
83 84 
83 85 
83 89 
83 92 
83 93 
83 95 
83 96 
84 87 
84 90 
84 91 
84 94 
84 96 
84 97 
84 98 
85 86 
85 87 
85 88 
85 90 
85 92 
85 93 
85 94 
85 95 
85 96 
85 97 
86 88 
86 90 
86 98 
86 99 
86 100 
87 89 
87 90 
87 91 
87 92 
87 95 
87 96 
87 97 
87 98 
88 89 
88 91 
88 92 
88 93 
88 94 
88 97 
88 99 
88 100 
89 91 
89 92 
89 95 
89 96 
89 99 
89 100 
90 91 
90 93 
90 94 
90 96 
90 97 
90 99 
91 92 
91 94 
91 95 
91 97 
92 93 
92 95 
92 96 
92 97 
92 98 
93 94 
93 96 
93 98 
93 99 
93 100 
94 95 
94 98 
94 100 
95 97 
95 99 
96 97 
96 99 
97 98 
98 99 
98 100 
99 100