300 8970 
1 4 
1 5 
1 8 
1 11 
1 17 
1 29 
1 54 
1 60 
1 63 
1 74 
1 79 
1 85 
1 88 
1 91 
1 93 
1 95 
1 97 
1 103 
1 106 
1 110 
1 114 
1 115 
1 116 
1 127 
1 129 
1 143 
1 154 
1 161 
1 168 
1 187 
1 192 
1 203 
1 208 
1 211 
1 222 
1 225 
1 242 
1 250 
1 251 
1 253 
1 260 
1 263 
1 268 
1 270 
1 280 
1 283 
1 285 
1 293 
1 294 
2 3 
2 6 
2 9 
2 18 
2 20 
2 35 
2 46 
2 50 
2 55 
2 57 
2 62 
2 66 
2 73 
2 79 
2 81 
2 85 
2 91 
2 92 
2 93 
2 95 
2 96 
2 97 
2 99 
2 101 
2 104 
2 105 
2 106 
2 108 
2 109 
2 110 
2 118 
2 119 
2 129 
2 134 
2 137 
2 139 
2 140 
2 152 
2 156 
2 159 
2 163 
2 165 
2 166 
2 169 
2 171 
2 172 
2 174 
2 180 
2 184 
2 186 
2 189 
2 190 
2 212 
2 218 
2 238 
2 239 
2 241 
2 246 
2 253 
2 256 
2 262 
2 282 
2 285 
2 286 
2 292 
2 295 
2 296 
2 300 
3 4 
3 19 
3 21 
3 27 
3 35 
3 54 
3 57 
3 59 
3 60 
3 64 
3 72 
3 81 
3 88 
3 92 
3 94 
3 107 
3 122 
3 123 
3 127 
3 130 
3 132 
3 133 
3 135 
3 139 
3 141 
3 148 
3 150 
3 155 
3 162 
3 170 
3 172 
3 174 
3 175 
3 182 
3 187 
3 193 
3 195 
3 198 
3 207 
3 208 
3 209 
3 210 
3 218 
3 226 
3 240 
3 243 
3 248 
3 254 
3 256 
3 272 
3 273 
3 274 
3 277 
3 279 
4 12 
4 15 
4 19 
4 21 
4 33 
4 37 
4 39 
4 44 
4 46 
4 48 
4 60 
4 73 
4 91 
4 92 
4 94 
4 97 
4 98 
4 109 
4 110 
4 111 
4 115 
4 119 
4 125 
4 128 
4 133 
4 136 
4 137 
4 148 
4 155 
4 159 
4 161 
4 163 
4 169 
4 180 
4 183 
4 185 
4 193 
4 197 
4 198 
4 203 
4 209 
4 210 
4 213 
4 214 
4 234 
4 238 
4 241 
4 242 
4 243 
4 245 
4 246 
4 248 
4 249 
4 261 
4 264 
4 266 
4 267 
4 269 
4 271 
4 278 
4 283 
4 284 
4 291 
4 295 
5 8 
5 10 
5 14 
5 16 
5 17 
5 23 
5 34 
5 36 
5 38 
5 44 
5 47 
5 48 
5 50 
5 52 
5 54 
5 63 
5 64 
5 65 
5 67 
5 70 
5 73 
5 86 
5 89 
5 90 
5 91 
5 96 
5 99 
5 103 
5 104 
5 109 
5 112 
5 138 
5 140 
5 143 
5 144 
5 165 
5 167 
5 172 
5 173 
5 174 
5 185 
5 186 
5 200 
5 206 
5 208 
5 213 
5 219 
5 226 
5 227 
5 234 
5 245 
5 252 
5 253 
5 260 
5 263 
5 264 
5 265 
5 269 
5 271 
5 272 
5 276 
5 281 
5 283 
5 287 
5 296 
6 7 
6 9 
6 12 
6 15 
6 17 
6 31 
6 32 
6 35 
6 44 
6 46 
6 47 
6 49 
6 56 
6 62 
6 72 
6 77 
6 80 
6 82 
6 92 
6 94 
6 102 
6 105 
6 106 
6 107 
6 114 
6 119 
6 127 
6 134 
6 136 
6 137 
6 138 
6 143 
6 144 
6 146 
6 148 
6 150 
6 151 
6 154 
6 157 
6 162 
6 163 
6 165 
6 169 
6 170 
6 172 
6 176 
6 178 
6 181 
6 185 
6 189 
6 195 
6 199 
6 206 
6 211 
6 215 
6 216 
6 221 
6 237 
6 242 
6 244 
6 245 
6 247 
6 248 
6 250 
6 251 
6 253 
6 258 
6 271 
6 273 
6 280 
6 283 
6 286 
6 288 
6 296 
6 298 
7 8 
7 13 
7 17 
7 19 
7 21 
7 27 
7 32 
7 33 
7 41 
7 55 
7 57 
7 61 
7 72 
7 80 
7 89 
7 92 
7 93 
7 102 
7 106 
7 111 
7 122 
7 123 
7 126 
7 142 
7 144 
7 146 
7 147 
7 157 
7 164 
7 171 
7 179 
7 181 
7 184 
7 190 
7 193 
7 197 
7 198 
7 199 
7 200 
7 204 
7 211 
7 222 
7 223 
7 225 
7 230 
7 235 
7 237 
7 248 
7 257 
7 259 
7 262 
7 264 
7 266 
7 271 
7 274 
7 275 
7 288 
7 290 
7 294 
7 295 
8 31 
8 36 
8 42 
8 43 
8 47 
8 48 
8 55 
8 56 
8 64 
8 65 
8 66 
8 68 
8 69 
8 74 
8 75 
8 76 
8 84 
8 86 
8 90 
8 91 
8 95 
8 100 
8 106 
8 115 
8 116 
8 117 
8 123 
8 129 
8 136 
8 139 
8 144 
8 155 
8 162 
8 165 
8 170 
8 175 
8 182 
8 185 
8 188 
8 192 
8 195 
8 202 
8 203 
8 205 
8 206 
8 213 
8 227 
8 230 
8 233 
8 234 
8 239 
8 242 
8 243 
8 252 
8 253 
8 278 
8 279 
8 280 
8 285 
8 293 
8 296 
9 13 
9 17 
9 19 
9 33 
9 34 
9 35 
9 52 
9 53 
9 59 
9 65 
9 67 
9 72 
9 73 
9 83 
9 86 
9 89 
9 92 
9 94 
9 96 
9 97 
9 104 
9 116 
9 117 
9 138 
9 144 
9 145 
9 149 
9 150 
9 154 
9 158 
9 174 
9 176 
9 178 
9 184 
9 185 
9 194 
9 204 
9 207 
9 218 
9 221 
9 223 
9 229 
9 238 
9 240 
9 247 
9 250 
9 251 
9 274 
9 276 
9 277 
9 293 
9 295 
9 296 
9 298 
10 13 
10 25 
10 36 
10 37 
10 48 
10 52 
10 54 
10 56 
10 57 
10 58 
10 60 
10 61 
10 62 
10 71 
10 80 
10 84 
10 93 
10 95 
10 96 
10 98 
10 99 
10 112 
10 114 
10 124 
10 141 
10 142 
10 143 
10 146 
10 149 
10 154 
10 158 
10 159 
10 164 
10 191 
10 196 
10 202 
10 211 
10 214 
10 215 
10 216 
10 217 
10 220 
10 221 
10 228 
10 229 
10 234 
10 248 
10 250 
10 264 
10 267 
10 271 
10 272 
10 277 
10 286 
10 288 
10 291 
10 293 
11 14 
11 15 
11 18 
11 19 
11 22 
11 24 
11 35 
11 38 
11 41 
11 46 
11 54 
11 58 
11 59 
11 79 
11 80 
11 82 
11 83 
11 91 
11 94 
11 95 
11 113 
11 115 
11 116 
11 122 
11 123 
11 129 
11 136 
11 138 
11 148 
11 151 
11 159 
11 164 
11 177 
11 186 
11 192 
11 194 
11 198 
11 200 
11 212 
11 214 
11 218 
11 219 
11 223 
11 226 
11 233 
11 239 
11 242 
11 253 
11 261 
11 262 
11 264 
11 267 
11 278 
11 286 
11 290 
11 295 
12 15 
12 24 
12 25 
12 26 
12 42 
12 49 
12 55 
12 61 
12 63 
12 67 
12 69 
12 72 
12 75 
12 79 
12 81 
12 85 
12 91 
12 95 
12 99 
12 101 
12 110 
12 112 
12 116 
12 120 
12 124 
12 127 
12 132 
12 134 
12 136 
12 141 
12 143 
12 152 
12 153 
12 164 
12 178 
12 180 
12 183 
12 187 
12 192 
12 197 
12 203 
12 209 
12 213 
12 214 
12 216 
12 218 
12 227 
12 228 
12 229 
12 231 
12 233 
12 245 
12 250 
12 251 
12 259 
12 261 
12 266 
12 267 
12 270 
12 271 
12 275 
12 278 
12 279 
12 292 
12 293 
12 294 
12 295 
12 296 
12 297 
13 17 
13 25 
13 28 
13 36 
13 38 
13 42 
13 45 
13 48 
13 53 
13 56 
13 58 
13 64 
13 65 
13 66 
13 83 
13 85 
13 92 
13 101 
13 102 
13 119 
13 121 
13 128 
13 136 
13 142 
13 154 
13 157 
13 160 
13 161 
13 162 
13 173 
13 180 
13 181 
13 184 
13 185 
13 186 
13 189 
13 211 
13 217 
13 218 
13 221 
13 231 
13 238 
13 240 
13 242 
13 245 
13 255 
13 259 
13 260 
13 265 
13 266 
13 267 
13 273 
13 280 
13 287 
13 292 
13 297 
14 16 
14 26 
14 34 
14 42 
14 43 
14 44 
14 48 
14 50 
14 53 
14 74 
14 76 
14 79 
14 85 
14 88 
14 89 
14 92 
14 112 
14 118 
14 134 
14 136 
14 137 
14 139 
14 149 
14 151 
14 161 
14 171 
14 179 
14 195 
14 198 
14 201 
14 208 
14 209 
14 211 
14 215 
14 221 
14 226 
14 232 
14 233 
14 234 
14 237 
14 241 
14 262 
14 265 
14 266 
14 273 
14 276 
14 293 
14 297 
15 26 
15 29 
15 30 
15 34 
15 48 
15 50 
15 54 
15 59 
15 76 
15 79 
15 82 
15 88 
15 91 
15 92 
15 107 
15 130 
15 135 
15 148 
15 153 
15 166 
15 167 
15 168 
15 169 
15 184 
15 185 
15 189 
15 190 
15 199 
15 200 
15 201 
15 206 
15 214 
15 215 
15 222 
15 241 
15 244 
15 246 
15 248 
15 258 
15 261 
15 267 
15 278 
15 285 
15 289 
15 290 
15 292 
15 297 
15 298 
16 20 
16 21 
16 22 
16 23 
16 28 
16 29 
16 36 
16 37 
16 39 
16 48 
16 53 
16 58 
16 62 
16 70 
16 76 
16 93 
16 94 
16 103 
16 106 
16 109 
16 110 
16 111 
16 115 
16 117 
16 120 
16 123 
16 132 
16 133 
16 135 
16 137 
16 139 
16 141 
16 144 
16 146 
16 148 
16 150 
16 152 
16 155 
16 161 
16 166 
16 168 
16 181 
16 184 
16 192 
16 196 
16 209 
16 211 
16 212 
16 213 
16 221 
16 230 
16 236 
16 244 
16 247 
16 248 
16 264 
16 267 
16 268 
16 273 
16 274 
16 278 
16 280 
16 285 
16 289 
16 292 
16 293 
16 300 
17 29 
17 33 
17 35 
17 38 
17 42 
17 46 
17 61 
17 62 
17 65 
17 66 
17 68 
17 70 
17 76 
17 78 
17 79 
17 82 
17 86 
17 94 
17 100 
17 101 
17 113 
17 121 
17 128 
17 131 
17 134 
17 136 
17 138 
17 149 
17 150 
17 155 
17 164 
17 168 
17 173 
17 177 
17 178 
17 179 
17 181 
17 193 
17 194 
17 199 
17 206 
17 210 
17 214 
17 219 
17 230 
17 245 
17 247 
17 250 
17 251 
17 256 
17 257 
17 269 
17 276 
17 281 
17 285 
17 298 
18 25 
18 27 
18 31 
18 33 
18 41 
18 43 
18 44 
18 45 
18 58 
18 79 
18 81 
18 82 
18 92 
18 102 
18 109 
18 111 
18 114 
18 118 
18 123 
18 124 
18 126 
18 127 
18 131 
18 132 
18 137 
18 139 
18 145 
18 146 
18 148 
18 151 
18 153 
18 155 
18 159 
18 163 
18 170 
18 181 
18 185 
18 190 
18 193 
18 196 
18 202 
18 215 
18 222 
18 224 
18 225 
18 226 
18 242 
18 248 
18 249 
18 252 
18 258 
18 259 
18 270 
18 271 
18 280 
18 283 
18 285 
18 286 
18 295 
18 298 
18 299 
19 20 
19 22 
19 24 
19 34 
19 37 
19 38 
19 40 
19 42 
19 49 
19 52 
19 66 
19 74 
19 76 
19 78 
19 81 
19 85 
19 87 
19 89 
19 94 
19 96 
19 97 
19 104 
19 109 
19 110 
19 114 
19 115 
19 133 
19 136 
19 140 
19 148 
19 153 
19 157 
19 158 
19 181 
19 184 
19 187 
19 192 
19 194 
19 197 
19 205 
19 207 
19 208 
19 210 
19 214 
19 215 
19 221 
19 222 
19 231 
19 238 
19 239 
19 241 
19 248 
19 251 
19 256 
19 257 
19 268 
19 276 
19 284 
19 294 
19 295 
19 300 
20 26 
20 31 
20 47 
20 51 
20 56 
20 58 
20 61 
20 62 
20 70 
20 72 
20 74 
20 78 
20 87 
20 91 
20 92 
20 93 
20 102 
20 110 
20 115 
20 116 
20 132 
20 153 
20 154 
20 158 
20 160 
20 162 
20 163 
20 164 
20 166 
20 169 
20 172 
20 174 
20 177 
20 178 
20 185 
20 186 
20 194 
20 196 
20 198 
20 199 
20 204 
20 206 
20 207 
20 208 
20 221 
20 232 
20 238 
20 240 
20 242 
20 245 
20 250 
20 257 
20 263 
20 266 
20 268 
20 274 
20 275 
20 278 
20 281 
20 288 
20 290 
21 27 
21 29 
21 30 
21 38 
21 51 
21 53 
21 54 
21 60 
21 63 
21 69 
21 73 
21 75 
21 76 
21 81 
21 84 
21 88 
21 92 
21 98 
21 99 
21 100 
21 103 
21 104 
21 105 
21 107 
21 111 
21 112 
21 114 
21 117 
21 121 
21 124 
21 137 
21 139 
21 142 
21 145 
21 146 
21 155 
21 159 
21 162 
21 167 
21 170 
21 172 
21 180 
21 181 
21 186 
21 196 
21 201 
21 203 
21 204 
21 211 
21 216 
21 221 
21 222 
21 226 
21 229 
21 231 
21 234 
21 236 
21 237 
21 244 
21 246 
21 256 
21 260 
21 262 
21 266 
21 267 
21 268 
21 274 
21 277 
21 282 
21 289 
21 290 
21 293 
22 25 
22 28 
22 41 
22 43 
22 46 
22 54 
22 58 
22 59 
22 63 
22 68 
22 75 
22 76 
22 90 
22 91 
22 96 
22 100 
22 108 
22 116 
22 117 
22 124 
22 135 
22 136 
22 139 
22 140 
22 146 
22 147 
22 148 
22 150 
22 152 
22 154 
22 156 
22 157 
22 159 
22 170 
22 174 
22 175 
22 179 
22 180 
22 181 
22 186 
22 191 
22 194 
22 197 
22 203 
22 210 
22 216 
22 218 
22 223 
22 225 
22 227 
22 239 
22 249 
22 253 
22 258 
22 262 
22 264 
22 268 
22 270 
22 272 
22 273 
22 278 
22 283 
22 285 
22 286 
22 295 
22 296 
23 29 
23 36 
23 39 
23 41 
23 44 
23 50 
23 53 
23 59 
23 65 
23 75 
23 76 
23 81 
23 82 
23 88 
23 89 
23 90 
23 95 
23 96 
23 103 
23 107 
23 110 
23 122 
23 125 
23 127 
23 136 
23 148 
23 154 
23 155 
23 161 
23 166 
23 167 
23 168 
23 169 
23 170 
23 171 
23 182 
23 198 
23 204 
23 208 
23 219 
23 223 
23 226 
23 253 
23 256 
23 259 
23 266 
23 268 
23 270 
23 274 
23 278 
23 280 
23 281 
23 286 
23 290 
24 46 
24 47 
24 50 
24 62 
24 70 
24 75 
24 78 
24 85 
24 98 
24 102 
24 103 
24 104 
24 106 
24 112 
24 114 
24 115 
24 117 
24 121 
24 130 
24 133 
24 135 
24 137 
24 138 
24 139 
24 147 
24 151 
24 162 
24 172 
24 173 
24 174 
24 194 
24 198 
24 201 
24 206 
24 208 
24 211 
24 214 
24 216 
24 223 
24 226 
24 231 
24 233 
24 241 
24 243 
24 244 
24 248 
24 250 
24 266 
24 269 
24 276 
24 279 
24 280 
24 290 
24 291 
24 296 
24 299 
25 28 
25 37 
25 39 
25 40 
25 42 
25 43 
25 47 
25 53 
25 58 
25 66 
25 69 
25 79 
25 81 
25 94 
25 95 
25 103 
25 111 
25 118 
25 119 
25 120 
25 121 
25 124 
25 125 
25 128 
25 134 
25 135 
25 139 
25 150 
25 156 
25 167 
25 172 
25 173 
25 177 
25 183 
25 186 
25 188 
25 191 
25 194 
25 199 
25 202 
25 212 
25 220 
25 222 
25 224 
25 226 
25 227 
25 237 
25 239 
25 242 
25 245 
25 254 
25 257 
25 261 
25 262 
25 265 
25 271 
25 284 
25 294 
25 295 
25 296 
25 298 
25 299 
26 31 
26 43 
26 55 
26 64 
26 67 
26 71 
26 76 
26 81 
26 87 
26 89 
26 90 
26 91 
26 95 
26 96 
26 98 
26 102 
26 108 
26 116 
26 121 
26 123 
26 124 
26 126 
26 128 
26 143 
26 144 
26 149 
26 152 
26 154 
26 155 
26 156 
26 157 
26 159 
26 167 
26 172 
26 176 
26 190 
26 200 
26 201 
26 202 
26 205 
26 213 
26 225 
26 227 
26 228 
26 230 
26 232 
26 233 
26 248 
26 252 
26 263 
26 276 
26 279 
27 30 
27 33 
27 34 
27 38 
27 41 
27 50 
27 55 
27 58 
27 61 
27 75 
27 77 
27 80 
27 83 
27 86 
27 96 
27 98 
27 108 
27 110 
27 113 
27 117 
27 119 
27 131 
27 142 
27 148 
27 154 
27 155 
27 158 
27 161 
27 169 
27 170 
27 172 
27 173 
27 175 
27 181 
27 183 
27 185 
27 188 
27 191 
27 192 
27 208 
27 210 
27 212 
27 213 
27 215 
27 220 
27 225 
27 233 
27 234 
27 235 
27 243 
27 248 
27 258 
27 265 
27 266 
27 270 
27 281 
27 293 
27 297 
28 34 
28 44 
28 45 
28 55 
28 59 
28 61 
28 64 
28 66 
28 68 
28 72 
28 84 
28 85 
28 87 
28 98 
28 99 
28 104 
28 111 
28 114 
28 116 
28 125 
28 131 
28 135 
28 141 
28 151 
28 157 
28 163 
28 164 
28 167 
28 168 
28 185 
28 186 
28 195 
28 198 
28 201 
28 203 
28 206 
28 216 
28 218 
28 221 
28 223 
28 231 
28 233 
28 239 
28 242 
28 243 
28 244 
28 247 
28 248 
28 250 
28 256 
28 258 
28 261 
28 263 
28 271 
28 272 
28 273 
28 277 
28 283 
28 285 
28 289 
28 290 
28 294 
29 32 
29 33 
29 36 
29 39 
29 40 
29 42 
29 47 
29 52 
29 53 
29 58 
29 62 
29 72 
29 80 
29 85 
29 87 
29 90 
29 100 
29 102 
29 105 
29 109 
29 112 
29 113 
29 119 
29 124 
29 135 
29 136 
29 138 
29 145 
29 146 
29 149 
29 153 
29 154 
29 157 
29 165 
29 167 
29 177 
29 181 
29 188 
29 190 
29 194 
29 195 
29 199 
29 208 
29 210 
29 214 
29 217 
29 222 
29 244 
29 250 
29 256 
29 262 
29 269 
29 278 
29 289 
29 293 
29 300 
30 36 
30 39 
30 43 
30 48 
30 50 
30 55 
30 65 
30 67 
30 72 
30 74 
30 75 
30 77 
30 80 
30 83 
30 99 
30 122 
30 129 
30 142 
30 148 
30 150 
30 152 
30 175 
30 177 
30 183 
30 185 
30 187 
30 191 
30 200 
30 201 
30 202 
30 204 
30 205 
30 206 
30 216 
30 219 
30 225 
30 231 
30 234 
30 242 
30 245 
30 248 
30 251 
30 253 
30 257 
30 260 
30 261 
30 266 
30 274 
30 288 
30 299 
31 34 
31 35 
31 49 
31 63 
31 64 
31 70 
31 79 
31 91 
31 94 
31 101 
31 106 
31 112 
31 118 
31 119 
31 140 
31 142 
31 143 
31 145 
31 147 
31 152 
31 162 
31 165 
31 168 
31 190 
31 195 
31 199 
31 209 
31 221 
31 224 
31 226 
31 227 
31 235 
31 238 
31 244 
31 246 
31 248 
31 253 
31 255 
31 261 
31 262 
31 264 
31 265 
31 279 
31 282 
31 283 
31 286 
31 290 
31 292 
31 293 
32 33 
32 34 
32 50 
32 57 
32 60 
32 80 
32 89 
32 95 
32 100 
32 102 
32 106 
32 111 
32 112 
32 126 
32 131 
32 136 
32 138 
32 143 
32 144 
32 151 
32 164 
32 166 
32 167 
32 171 
32 174 
32 189 
32 196 
32 200 
32 203 
32 204 
32 213 
32 219 
32 221 
32 233 
32 234 
32 235 
32 245 
32 249 
32 255 
32 256 
32 258 
32 262 
32 263 
32 265 
32 267 
32 270 
32 279 
32 283 
32 286 
32 288 
32 294 
33 41 
33 43 
33 47 
33 54 
33 59 
33 63 
33 64 
33 67 
33 68 
33 72 
33 78 
33 80 
33 83 
33 96 
33 97 
33 98 
33 102 
33 117 
33 121 
33 126 
33 139 
33 142 
33 147 
33 157 
33 164 
33 170 
33 175 
33 181 
33 183 
33 198 
33 203 
33 207 
33 211 
33 219 
33 228 
33 229 
33 231 
33 232 
33 233 
33 237 
33 239 
33 242 
33 248 
33 249 
33 251 
33 252 
33 254 
33 260 
33 263 
33 266 
33 267 
33 282 
33 283 
33 286 
33 291 
33 292 
34 48 
34 50 
34 59 
34 61 
34 66 
34 71 
34 75 
34 80 
34 93 
34 113 
34 118 
34 128 
34 132 
34 134 
34 150 
34 151 
34 154 
34 156 
34 165 
34 167 
34 171 
34 174 
34 198 
34 205 
34 208 
34 221 
34 223 
34 225 
34 229 
34 232 
34 241 
34 246 
34 263 
34 268 
34 272 
34 278 
34 286 
34 292 
34 298 
35 40 
35 48 
35 50 
35 53 
35 57 
35 61 
35 63 
35 64 
35 68 
35 71 
35 73 
35 79 
35 83 
35 84 
35 88 
35 89 
35 93 
35 98 
35 100 
35 110 
35 112 
35 113 
35 122 
35 134 
35 140 
35 143 
35 154 
35 156 
35 166 
35 172 
35 186 
35 188 
35 195 
35 196 
35 197 
35 203 
35 211 
35 212 
35 216 
35 217 
35 234 
35 235 
35 238 
35 241 
35 243 
35 249 
35 251 
35 253 
35 255 
35 262 
35 267 
35 269 
35 277 
35 295 
35 297 
36 38 
36 40 
36 41 
36 46 
36 54 
36 65 
36 73 
36 78 
36 80 
36 98 
36 104 
36 112 
36 115 
36 124 
36 125 
36 127 
36 136 
36 143 
36 149 
36 150 
36 155 
36 157 
36 161 
36 164 
36 171 
36 175 
36 190 
36 199 
36 201 
36 204 
36 221 
36 245 
36 248 
36 252 
36 253 
36 256 
36 257 
36 281 
36 282 
36 285 
36 287 
36 289 
36 297 
37 38 
37 42 
37 47 
37 57 
37 60 
37 62 
37 69 
37 71 
37 77 
37 84 
37 90 
37 92 
37 94 
37 95 
37 101 
37 106 
37 107 
37 108 
37 122 
37 126 
37 134 
37 138 
37 139 
37 143 
37 151 
37 154 
37 173 
37 174 
37 175 
37 178 
37 180 
37 182 
37 183 
37 187 
37 197 
37 208 
37 210 
37 213 
37 214 
37 217 
37 219 
37 222 
37 227 
37 229 
37 234 
37 235 
37 240 
37 243 
37 246 
37 247 
37 254 
37 278 
37 283 
37 287 
37 288 
37 296 
37 297 
38 48 
38 56 
38 61 
38 73 
38 77 
38 88 
38 90 
38 96 
38 109 
38 111 
38 116 
38 120 
38 125 
38 127 
38 128 
38 130 
38 131 
38 133 
38 135 
38 139 
38 142 
38 143 
38 148 
38 152 
38 153 
38 154 
38 163 
38 166 
38 169 
38 173 
38 179 
38 185 
38 188 
38 190 
38 193 
38 200 
38 206 
38 210 
38 216 
38 225 
38 226 
38 227 
38 229 
38 233 
38 236 
38 240 
38 243 
38 244 
38 250 
38 258 
38 260 
38 264 
38 266 
38 274 
38 276 
38 286 
38 296 
38 297 
38 298 
38 299 
39 43 
39 60 
39 62 
39 64 
39 69 
39 70 
39 74 
39 78 
39 79 
39 80 
39 83 
39 85 
39 87 
39 89 
39 94 
39 98 
39 102 
39 110 
39 111 
39 117 
39 118 
39 123 
39 124 
39 125 
39 127 
39 135 
39 146 
39 148 
39 152 
39 157 
39 166 
39 167 
39 172 
39 187 
39 199 
39 207 
39 220 
39 222 
39 233 
39 240 
39 244 
39 250 
39 252 
39 254 
39 267 
39 269 
39 270 
39 276 
39 278 
39 280 
39 295 
39 300 
40 43 
40 53 
40 57 
40 83 
40 86 
40 90 
40 93 
40 97 
40 108 
40 109 
40 112 
40 123 
40 136 
40 138 
40 141 
40 152 
40 165 
40 170 
40 171 
40 172 
40 184 
40 185 
40 194 
40 207 
40 209 
40 215 
40 226 
40 240 
40 241 
40 250 
40 255 
40 260 
40 264 
40 271 
40 284 
40 300 
41 42 
41 52 
41 58 
41 70 
41 79 
41 93 
41 98 
41 102 
41 108 
41 110 
41 125 
41 130 
41 134 
41 150 
41 151 
41 158 
41 163 
41 164 
41 165 
41 173 
41 174 
41 176 
41 193 
41 205 
41 207 
41 221 
41 227 
41 231 
41 235 
41 249 
41 250 
41 253 
41 260 
41 264 
41 265 
41 269 
41 270 
41 278 
41 282 
41 283 
41 284 
41 286 
41 287 
41 288 
42 45 
42 47 
42 49 
42 50 
42 72 
42 77 
42 80 
42 85 
42 93 
42 97 
42 98 
42 109 
42 115 
42 117 
42 119 
42 120 
42 133 
42 142 
42 144 
42 148 
42 157 
42 159 
42 163 
42 164 
42 167 
42 168 
42 178 
42 180 
42 184 
42 187 
42 188 
42 198 
42 201 
42 202 
42 204 
42 205 
42 214 
42 219 
42 221 
42 229 
42 233 
42 237 
42 242 
42 249 
42 256 
42 257 
42 258 
42 269 
42 272 
42 274 
42 276 
42 293 
42 295 
43 44 
43 48 
43 52 
43 54 
43 56 
43 57 
43 67 
43 73 
43 74 
43 75 
43 78 
43 80 
43 86 
43 90 
43 98 
43 100 
43 105 
43 107 
43 108 
43 110 
43 120 
43 121 
43 127 
43 131 
43 136 
43 139 
43 142 
43 165 
43 169 
43 173 
43 177 
43 182 
43 189 
43 191 
43 192 
43 195 
43 197 
43 199 
43 200 
43 204 
43 210 
43 212 
43 222 
43 226 
43 231 
43 234 
43 237 
43 245 
43 248 
43 249 
43 253 
43 263 
43 265 
43 275 
43 279 
43 284 
43 286 
43 289 
43 292 
43 294 
43 295 
43 298 
44 51 
44 65 
44 66 
44 67 
44 76 
44 83 
44 86 
44 90 
44 92 
44 96 
44 97 
44 108 
44 109 
44 112 
44 117 
44 120 
44 130 
44 135 
44 142 
44 149 
44 169 
44 185 
44 188 
44 191 
44 192 
44 193 
44 194 
44 202 
44 203 
44 208 
44 209 
44 212 
44 219 
44 221 
44 224 
44 226 
44 227 
44 228 
44 229 
44 232 
44 246 
44 247 
44 256 
44 259 
44 269 
44 270 
44 283 
44 284 
44 286 
44 296 
44 297 
44 300 
45 50 
45 52 
45 62 
45 64 
45 65 
45 66 
45 69 
45 70 
45 73 
45 77 
45 78 
45 79 
45 84 
45 85 
45 86 
45 93 
45 96 
45 100 
45 101 
45 106 
45 108 
45 109 
45 111 
45 113 
45 116 
45 119 
45 121 
45 122 
45 134 
45 137 
45 143 
45 157 
45 169 
45 176 
45 181 
45 190 
45 192 
45 207 
45 211 
45 216 
45 218 
45 219 
45 222 
45 235 
45 237 
45 238 
45 239 
45 241 
45 242 
45 244 
45 246 
45 247 
45 252 
45 256 
45 291 
45 292 
45 296 
46 47 
46 66 
46 68 
46 73 
46 76 
46 79 
46 86 
46 91 
46 101 
46 112 
46 113 
46 119 
46 148 
46 151 
46 152 
46 153 
46 166 
46 171 
46 176 
46 178 
46 186 
46 190 
46 193 
46 207 
46 210 
46 211 
46 217 
46 218 
46 221 
46 225 
46 226 
46 228 
46 229 
46 231 
46 233 
46 234 
46 236 
46 237 
46 242 
46 246 
46 257 
46 266 
46 267 
46 269 
46 271 
46 272 
46 274 
46 281 
46 286 
46 287 
46 291 
46 298 
47 54 
47 56 
47 57 
47 58 
47 59 
47 62 
47 69 
47 79 
47 82 
47 83 
47 87 
47 88 
47 90 
47 93 
47 97 
47 103 
47 104 
47 109 
47 113 
47 121 
47 133 
47 137 
47 138 
47 139 
47 141 
47 144 
47 147 
47 148 
47 153 
47 155 
47 156 
47 163 
47 165 
47 178 
47 181 
47 196 
47 204 
47 213 
47 234 
47 246 
47 257 
47 259 
47 262 
47 263 
47 269 
47 280 
47 284 
47 288 
47 289 
47 292 
47 300 
48 58 
48 63 
48 76 
48 92 
48 94 
48 100 
48 110 
48 119 
48 123 
48 128 
48 129 
48 139 
48 159 
48 160 
48 161 
48 162 
48 164 
48 174 
48 179 
48 194 
48 200 
48 202 
48 209 
48 213 
48 216 
48 217 
48 221 
48 223 
48 224 
48 251 
48 258 
48 259 
48 261 
48 262 
48 265 
48 266 
48 273 
48 287 
48 290 
48 291 
49 51 
49 53 
49 62 
49 75 
49 78 
49 79 
49 83 
49 89 
49 90 
49 108 
49 113 
49 114 
49 140 
49 150 
49 163 
49 165 
49 170 
49 181 
49 185 
49 190 
49 194 
49 202 
49 205 
49 206 
49 209 
49 211 
49 219 
49 221 
49 229 
49 230 
49 236 
49 244 
49 247 
49 250 
49 259 
49 260 
49 262 
49 264 
49 265 
49 271 
49 276 
49 280 
49 281 
50 56 
50 73 
50 75 
50 77 
50 85 
50 86 
50 89 
50 93 
50 94 
50 106 
50 125 
50 129 
50 130 
50 151 
50 155 
50 157 
50 160 
50 162 
50 173 
50 174 
50 176 
50 178 
50 181 
50 192 
50 194 
50 197 
50 198 
50 208 
50 209 
50 216 
50 223 
50 230 
50 233 
50 237 
50 243 
50 245 
50 252 
50 262 
50 266 
50 271 
50 278 
50 279 
50 286 
50 291 
50 300 
51 60 
51 65 
51 66 
51 72 
51 80 
51 92 
51 100 
51 105 
51 106 
51 115 
51 116 
51 119 
51 127 
51 131 
51 139 
51 140 
51 146 
51 152 
51 155 
51 161 
51 166 
51 167 
51 169 
51 170 
51 173 
51 175 
51 176 
51 183 
51 185 
51 186 
51 190 
51 194 
51 195 
51 203 
51 211 
51 217 
51 219 
51 220 
51 225 
51 229 
51 230 
51 237 
51 241 
51 246 
51 248 
51 249 
51 253 
51 261 
51 262 
51 263 
51 264 
51 268 
51 270 
51 275 
51 281 
51 284 
51 286 
51 290 
51 295 
52 59 
52 62 
52 64 
52 66 
52 68 
52 70 
52 71 
52 76 
52 81 
52 86 
52 91 
52 96 
52 98 
52 107 
52 124 
52 131 
52 140 
52 143 
52 157 
52 158 
52 161 
52 163 
52 167 
52 172 
52 175 
52 181 
52 186 
52 187 
52 192 
52 196 
52 199 
52 220 
52 224 
52 226 
52 235 
52 238 
52 253 
52 259 
52 263 
52 264 
52 267 
52 270 
52 281 
52 285 
52 291 
52 294 
53 63 
53 69 
53 70 
53 73 
53 75 
53 77 
53 90 
53 96 
53 103 
53 107 
53 118 
53 123 
53 125 
53 128 
53 135 
53 142 
53 144 
53 146 
53 147 
53 148 
53 155 
53 161 
53 162 
53 173 
53 179 
53 183 
53 189 
53 193 
53 203 
53 209 
53 217 
53 220 
53 228 
53 229 
53 233 
53 234 
53 235 
53 239 
53 243 
53 247 
53 250 
53 253 
53 256 
53 258 
53 268 
53 274 
53 277 
53 280 
53 283 
53 285 
53 298 
54 63 
54 64 
54 68 
54 72 
54 78 
54 84 
54 86 
54 92 
54 95 
54 107 
54 109 
54 129 
54 133 
54 134 
54 136 
54 141 
54 142 
54 154 
54 156 
54 158 
54 165 
54 174 
54 178 
54 179 
54 184 
54 191 
54 193 
54 202 
54 204 
54 208 
54 216 
54 217 
54 220 
54 223 
54 231 
54 238 
54 247 
54 250 
54 252 
54 253 
54 255 
54 260 
54 261 
54 262 
54 263 
54 264 
54 265 
54 266 
54 270 
54 272 
54 273 
54 275 
54 278 
54 280 
54 282 
54 288 
54 290 
54 299 
55 70 
55 94 
55 95 
55 97 
55 105 
55 110 
55 113 
55 116 
55 124 
55 125 
55 135 
55 150 
55 151 
55 159 
55 162 
55 167 
55 168 
55 170 
55 178 
55 188 
55 194 
55 197 
55 205 
55 210 
55 211 
55 215 
55 221 
55 231 
55 233 
55 237 
55 247 
55 248 
55 249 
55 253 
55 259 
55 261 
55 262 
55 263 
55 265 
55 267 
55 268 
55 271 
55 282 
55 284 
55 286 
55 290 
55 291 
55 292 
56 62 
56 63 
56 65 
56 74 
56 78 
56 88 
56 100 
56 112 
56 120 
56 123 
56 125 
56 127 
56 143 
56 153 
56 154 
56 156 
56 157 
56 159 
56 161 
56 163 
56 167 
56 170 
56 172 
56 177 
56 186 
56 195 
56 202 
56 211 
56 216 
56 221 
56 238 
56 240 
56 241 
56 251 
56 254 
56 258 
56 261 
56 272 
56 277 
56 278 
56 279 
56 288 
56 294 
56 296 
56 299 
57 61 
57 72 
57 92 
57 96 
57 97 
57 98 
57 100 
57 109 
57 126 
57 127 
57 134 
57 135 
57 137 
57 140 
57 142 
57 144 
57 159 
57 160 
57 163 
57 171 
57 172 
57 179 
57 186 
57 188 
57 191 
57 193 
57 196 
57 200 
57 209 
57 221 
57 227 
57 231 
57 233 
57 237 
57 240 
57 242 
57 243 
57 252 
57 253 
57 254 
57 259 
57 265 
57 281 
57 284 
57 293 
57 295 
57 300 
58 62 
58 75 
58 77 
58 80 
58 85 
58 88 
58 95 
58 113 
58 125 
58 136 
58 137 
58 145 
58 146 
58 157 
58 162 
58 163 
58 166 
58 169 
58 170 
58 172 
58 173 
58 174 
58 178 
58 181 
58 185 
58 192 
58 193 
58 205 
58 209 
58 219 
58 221 
58 227 
58 229 
58 233 
58 237 
58 238 
58 241 
58 248 
58 250 
58 251 
58 255 
58 259 
58 261 
58 263 
58 272 
58 275 
58 280 
58 281 
58 282 
58 283 
58 286 
58 289 
58 290 
58 292 
59 64 
59 71 
59 75 
59 80 
59 88 
59 91 
59 101 
59 110 
59 118 
59 120 
59 123 
59 126 
59 132 
59 141 
59 143 
59 145 
59 149 
59 150 
59 154 
59 155 
59 163 
59 172 
59 179 
59 181 
59 183 
59 187 
59 206 
59 208 
59 212 
59 215 
59 218 
59 229 
59 231 
59 233 
59 239 
59 246 
59 250 
59 253 
59 254 
59 259 
59 262 
59 270 
59 271 
59 272 
59 273 
59 275 
59 281 
59 282 
59 292 
59 297 
59 298 
60 67 
60 69 
60 79 
60 81 
60 89 
60 90 
60 91 
60 94 
60 96 
60 106 
60 107 
60 114 
60 124 
60 133 
60 137 
60 143 
60 144 
60 146 
60 150 
60 153 
60 155 
60 160 
60 161 
60 164 
60 165 
60 167 
60 171 
60 176 
60 179 
60 183 
60 184 
60 190 
60 196 
60 204 
60 212 
60 214 
60 215 
60 216 
60 217 
60 218 
60 220 
60 223 
60 226 
60 227 
60 231 
60 232 
60 235 
60 241 
60 242 
60 244 
60 246 
60 259 
60 261 
60 267 
60 269 
60 275 
60 281 
60 282 
60 288 
60 298 
61 71 
61 72 
61 84 
61 88 
61 92 
61 95 
61 101 
61 110 
61 118 
61 119 
61 120 
61 128 
61 129 
61 132 
61 133 
61 135 
61 143 
61 147 
61 148 
61 151 
61 153 
61 165 
61 173 
61 174 
61 176 
61 178 
61 181 
61 183 
61 190 
61 197 
61 199 
61 203 
61 206 
61 214 
61 220 
61 223 
61 225 
61 232 
61 241 
61 246 
61 247 
61 249 
61 256 
61 260 
61 262 
61 267 
61 268 
61 269 
61 273 
61 276 
61 278 
61 279 
62 67 
62 72 
62 77 
62 88 
62 94 
62 108 
62 112 
62 121 
62 127 
62 130 
62 138 
62 140 
62 141 
62 152 
62 156 
62 171 
62 182 
62 190 
62 191 
62 192 
62 196 
62 200 
62 202 
62 205 
62 207 
62 213 
62 214 
62 216 
62 219 
62 234 
62 236 
62 237 
62 239 
62 240 
62 246 
62 253 
62 254 
62 269 
62 275 
62 278 
62 279 
62 281 
62 284 
62 292 
62 294 
62 297 
63 89 
63 97 
63 103 
63 108 
63 127 
63 128 
63 132 
63 137 
63 138 
63 139 
63 142 
63 146 
63 153 
63 154 
63 155 
63 169 
63 172 
63 176 
63 179 
63 185 
63 192 
63 199 
63 200 
63 201 
63 206 
63 207 
63 215 
63 216 
63 220 
63 231 
63 242 
63 251 
63 256 
63 257 
63 264 
63 266 
63 270 
63 280 
63 286 
63 288 
63 290 
64 65 
64 70 
64 73 
64 77 
64 78 
64 80 
64 84 
64 87 
64 88 
64 92 
64 93 
64 94 
64 98 
64 99 
64 101 
64 111 
64 114 
64 120 
64 128 
64 135 
64 138 
64 140 
64 151 
64 163 
64 168 
64 173 
64 176 
64 183 
64 188 
64 205 
64 206 
64 207 
64 215 
64 220 
64 232 
64 235 
64 238 
64 241 
64 243 
64 244 
64 247 
64 248 
64 251 
64 252 
64 253 
64 255 
64 259 
64 260 
64 265 
64 275 
64 278 
64 294 
65 66 
65 68 
65 74 
65 76 
65 79 
65 102 
65 105 
65 106 
65 122 
65 135 
65 139 
65 141 
65 142 
65 143 
65 146 
65 153 
65 154 
65 157 
65 160 
65 161 
65 178 
65 184 
65 185 
65 189 
65 190 
65 193 
65 202 
65 203 
65 208 
65 212 
65 213 
65 217 
65 227 
65 233 
65 241 
65 245 
65 247 
65 254 
65 269 
65 270 
65 271 
65 288 
65 295 
65 297 
66 67 
66 73 
66 75 
66 84 
66 85 
66 89 
66 90 
66 92 
66 101 
66 108 
66 110 
66 112 
66 113 
66 114 
66 118 
66 120 
66 132 
66 134 
66 135 
66 143 
66 146 
66 148 
66 155 
66 164 
66 168 
66 170 
66 175 
66 179 
66 181 
66 185 
66 193 
66 195 
66 201 
66 204 
66 207 
66 209 
66 211 
66 219 
66 220 
66 235 
66 248 
66 249 
66 259 
66 262 
66 264 
66 265 
66 272 
66 273 
66 276 
66 280 
66 283 
66 287 
66 288 
66 290 
66 292 
66 298 
67 68 
67 72 
67 77 
67 78 
67 80 
67 81 
67 88 
67 89 
67 91 
67 96 
67 103 
67 116 
67 123 
67 129 
67 137 
67 140 
67 154 
67 159 
67 165 
67 170 
67 181 
67 182 
67 183 
67 187 
67 189 
67 190 
67 202 
67 210 
67 217 
67 222 
67 225 
67 240 
67 245 
67 248 
67 250 
67 258 
67 259 
67 269 
67 278 
67 290 
67 293 
67 295 
67 299 
68 74 
68 76 
68 86 
68 91 
68 98 
68 102 
68 105 
68 106 
68 114 
68 118 
68 127 
68 146 
68 148 
68 163 
68 166 
68 169 
68 183 
68 189 
68 194 
68 196 
68 198 
68 200 
68 201 
68 210 
68 211 
68 215 
68 220 
68 222 
68 226 
68 229 
68 233 
68 244 
68 251 
68 258 
68 262 
68 274 
68 278 
68 279 
68 288 
68 291 
68 293 
68 297 
68 299 
68 300 
69 76 
69 84 
69 88 
69 89 
69 91 
69 99 
69 108 
69 119 
69 126 
69 129 
69 130 
69 133 
69 137 
69 140 
69 146 
69 152 
69 155 
69 156 
69 187 
69 192 
69 194 
69 200 
69 201 
69 202 
69 204 
69 213 
69 214 
69 215 
69 216 
69 223 
69 225 
69 227 
69 241 
69 248 
69 249 
69 251 
69 272 
69 278 
69 286 
69 300 
70 71 
70 74 
70 75 
70 81 
70 82 
70 86 
70 88 
70 94 
70 96 
70 124 
70 127 
70 129 
70 130 
70 132 
70 143 
70 146 
70 156 
70 158 
70 159 
70 162 
70 165 
70 168 
70 173 
70 174 
70 175 
70 178 
70 180 
70 184 
70 189 
70 193 
70 195 
70 198 
70 200 
70 201 
70 212 
70 216 
70 225 
70 226 
70 229 
70 235 
70 237 
70 243 
70 246 
70 251 
70 252 
70 257 
70 275 
70 294 
70 300 
71 77 
71 79 
71 83 
71 94 
71 102 
71 111 
71 112 
71 117 
71 132 
71 133 
71 139 
71 144 
71 151 
71 156 
71 160 
71 163 
71 164 
71 165 
71 167 
71 175 
71 178 
71 180 
71 184 
71 185 
71 195 
71 197 
71 198 
71 208 
71 224 
71 226 
71 233 
71 242 
71 244 
71 256 
71 265 
71 268 
71 276 
71 280 
71 281 
71 284 
71 293 
71 297 
71 299 
72 90 
72 92 
72 93 
72 94 
72 95 
72 97 
72 98 
72 99 
72 100 
72 104 
72 105 
72 109 
72 114 
72 120 
72 124 
72 131 
72 138 
72 143 
72 148 
72 149 
72 153 
72 158 
72 159 
72 160 
72 162 
72 165 
72 167 
72 177 
72 180 
72 185 
72 188 
72 195 
72 199 
72 206 
72 210 
72 212 
72 213 
72 214 
72 219 
72 224 
72 233 
72 237 
72 239 
72 243 
72 246 
72 249 
72 250 
72 251 
72 263 
72 274 
72 279 
72 289 
72 296 
72 297 
73 76 
73 81 
73 111 
73 113 
73 114 
73 126 
73 134 
73 139 
73 140 
73 146 
73 148 
73 154 
73 165 
73 166 
73 167 
73 175 
73 178 
73 180 
73 184 
73 185 
73 189 
73 190 
73 192 
73 196 
73 202 
73 203 
73 210 
73 214 
73 215 
73 223 
73 231 
73 249 
73 256 
73 258 
73 264 
73 266 
73 269 
73 271 
73 273 
73 280 
73 285 
73 289 
73 290 
73 292 
73 293 
73 297 
73 300 
74 76 
74 79 
74 82 
74 83 
74 87 
74 95 
74 100 
74 110 
74 113 
74 120 
74 122 
74 138 
74 142 
74 143 
74 148 
74 160 
74 174 
74 177 
74 188 
74 189 
74 197 
74 200 
74 214 
74 217 
74 218 
74 222 
74 223 
74 224 
74 225 
74 245 
74 253 
74 256 
74 262 
74 283 
74 290 
75 80 
75 81 
75 82 
75 87 
75 102 
75 103 
75 104 
75 121 
75 128 
75 137 
75 146 
75 148 
75 157 
75 158 
75 159 
75 160 
75 162 
75 167 
75 179 
75 181 
75 185 
75 189 
75 191 
75 198 
75 199 
75 203 
75 204 
75 215 
75 221 
75 225 
75 226 
75 228 
75 234 
75 236 
75 238 
75 240 
75 248 
75 251 
75 252 
75 255 
75 257 
75 258 
75 270 
75 271 
75 272 
75 281 
75 286 
75 297 
75 300 
76 84 
76 88 
76 96 
76 102 
76 108 
76 110 
76 114 
76 115 
76 117 
76 119 
76 123 
76 129 
76 142 
76 154 
76 159 
76 160 
76 162 
76 164 
76 171 
76 181 
76 182 
76 187 
76 188 
76 196 
76 197 
76 198 
76 200 
76 208 
76 211 
76 212 
76 214 
76 215 
76 216 
76 220 
76 223 
76 228 
76 231 
76 242 
76 247 
76 252 
76 254 
76 258 
76 271 
76 280 
76 284 
77 91 
77 93 
77 108 
77 109 
77 111 
77 113 
77 122 
77 125 
77 127 
77 129 
77 140 
77 144 
77 145 
77 151 
77 157 
77 161 
77 162 
77 165 
77 172 
77 182 
77 184 
77 188 
77 192 
77 193 
77 194 
77 198 
77 202 
77 203 
77 213 
77 214 
77 215 
77 222 
77 227 
77 228 
77 231 
77 250 
77 253 
77 276 
77 277 
77 278 
77 282 
77 291 
77 293 
77 299 
78 80 
78 81 
78 86 
78 89 
78 91 
78 92 
78 93 
78 94 
78 99 
78 100 
78 101 
78 103 
78 104 
78 106 
78 120 
78 122 
78 125 
78 126 
78 127 
78 143 
78 145 
78 146 
78 149 
78 152 
78 169 
78 170 
78 172 
78 175 
78 179 
78 189 
78 198 
78 207 
78 208 
78 232 
78 242 
78 246 
78 249 
78 253 
78 254 
78 258 
78 269 
78 271 
78 275 
78 287 
78 291 
78 295 
79 85 
79 92 
79 93 
79 94 
79 95 
79 103 
79 107 
79 121 
79 124 
79 131 
79 134 
79 136 
79 137 
79 139 
79 148 
79 152 
79 155 
79 158 
79 168 
79 185 
79 186 
79 188 
79 198 
79 206 
79 208 
79 209 
79 213 
79 218 
79 225 
79 228 
79 243 
79 244 
79 245 
79 248 
79 251 
79 257 
79 258 
79 267 
79 269 
79 271 
79 275 
79 279 
79 280 
79 284 
79 285 
79 289 
79 292 
79 297 
79 298 
80 81 
80 92 
80 94 
80 97 
80 99 
80 104 
80 106 
80 108 
80 110 
80 114 
80 116 
80 122 
80 125 
80 126 
80 129 
80 131 
80 132 
80 135 
80 144 
80 146 
80 151 
80 166 
80 172 
80 175 
80 181 
80 197 
80 199 
80 209 
80 217 
80 219 
80 224 
80 226 
80 227 
80 229 
80 231 
80 233 
80 234 
80 235 
80 244 
80 253 
80 257 
80 258 
80 260 
80 261 
80 273 
80 278 
80 288 
80 291 
80 293 
80 298 
81 90 
81 91 
81 94 
81 100 
81 103 
81 104 
81 130 
81 132 
81 133 
81 135 
81 137 
81 147 
81 149 
81 153 
81 161 
81 163 
81 164 
81 165 
81 171 
81 179 
81 182 
81 186 
81 189 
81 192 
81 203 
81 207 
81 219 
81 221 
81 224 
81 226 
81 253 
81 254 
81 256 
81 259 
81 273 
81 275 
82 84 
82 93 
82 95 
82 103 
82 106 
82 110 
82 113 
82 122 
82 129 
82 130 
82 136 
82 137 
82 139 
82 152 
82 157 
82 161 
82 167 
82 168 
82 169 
82 173 
82 176 
82 193 
82 195 
82 197 
82 200 
82 203 
82 206 
82 216 
82 221 
82 224 
82 229 
82 234 
82 235 
82 239 
82 242 
82 244 
82 245 
82 246 
82 247 
82 251 
82 256 
82 259 
82 267 
82 272 
82 286 
82 290 
82 294 
82 295 
82 297 
83 92 
83 94 
83 99 
83 104 
83 106 
83 119 
83 120 
83 122 
83 125 
83 126 
83 128 
83 129 
83 141 
83 149 
83 152 
83 157 
83 161 
83 162 
83 163 
83 170 
83 173 
83 175 
83 180 
83 188 
83 192 
83 199 
83 202 
83 205 
83 210 
83 212 
83 214 
83 215 
83 217 
83 221 
83 222 
83 224 
83 230 
83 235 
83 237 
83 242 
83 254 
83 256 
83 263 
83 264 
83 267 
83 269 
83 274 
83 283 
83 286 
83 288 
84 88 
84 95 
84 96 
84 98 
84 100 
84 107 
84 114 
84 115 
84 122 
84 124 
84 126 
84 129 
84 139 
84 153 
84 156 
84 157 
84 162 
84 167 
84 172 
84 175 
84 177 
84 179 
84 180 
84 186 
84 205 
84 206 
84 210 
84 212 
84 215 
84 223 
84 225 
84 241 
84 246 
84 259 
84 267 
84 269 
84 275 
84 280 
84 282 
84 284 
84 288 
84 289 
84 296 
84 299 
85 87 
85 91 
85 94 
85 97 
85 103 
85 106 
85 110 
85 123 
85 125 
85 131 
85 133 
85 134 
85 135 
85 160 
85 163 
85 164 
85 178 
85 182 
85 183 
85 185 
85 191 
85 201 
85 205 
85 210 
85 211 
85 212 
85 226 
85 231 
85 233 
85 243 
85 245 
85 249 
85 253 
85 256 
85 262 
85 265 
85 266 
85 277 
85 278 
85 283 
85 286 
85 288 
85 297 
86 92 
86 106 
86 111 
86 119 
86 130 
86 131 
86 137 
86 149 
86 153 
86 155 
86 156 
86 168 
86 172 
86 175 
86 176 
86 177 
86 179 
86 182 
86 186 
86 189 
86 191 
86 194 
86 197 
86 199 
86 206 
86 207 
86 220 
86 235 
86 246 
86 249 
86 250 
86 253 
86 257 
86 259 
86 262 
86 274 
86 278 
86 281 
86 282 
86 287 
86 292 
86 296 
86 300 
87 89 
87 98 
87 107 
87 108 
87 117 
87 124 
87 128 
87 130 
87 142 
87 148 
87 159 
87 163 
87 164 
87 167 
87 168 
87 172 
87 174 
87 178 
87 196 
87 198 
87 205 
87 207 
87 213 
87 215 
87 221 
87 222 
87 223 
87 226 
87 229 
87 234 
87 236 
87 237 
87 242 
87 245 
87 252 
87 255 
87 259 
87 265 
87 267 
87 276 
88 89 
88 90 
88 91 
88 92 
88 93 
88 100 
88 106 
88 107 
88 110 
88 114 
88 118 
88 120 
88 123 
88 128 
88 131 
88 136 
88 150 
88 162 
88 165 
88 166 
88 168 
88 179 
88 182 
88 184 
88 193 
88 194 
88 204 
88 205 
88 227 
88 228 
88 231 
88 234 
88 238 
88 239 
88 247 
88 259 
88 261 
88 262 
88 263 
88 264 
88 265 
88 270 
88 272 
88 277 
88 280 
88 282 
88 287 
88 290 
89 93 
89 104 
89 105 
89 106 
89 110 
89 114 
89 115 
89 123 
89 128 
89 140 
89 148 
89 149 
89 153 
89 154 
89 160 
89 167 
89 173 
89 175 
89 179 
89 180 
89 187 
89 193 
89 197 
89 203 
89 208 
89 214 
89 215 
89 217 
89 219 
89 236 
89 238 
89 246 
89 269 
89 272 
89 278 
89 279 
89 281 
89 284 
89 289 
89 291 
89 298 
90 91 
90 97 
90 101 
90 123 
90 125 
90 140 
90 142 
90 147 
90 149 
90 164 
90 171 
90 175 
90 176 
90 177 
90 184 
90 197 
90 198 
90 201 
90 211 
90 221 
90 226 
90 229 
90 230 
90 239 
90 251 
90 252 
90 256 
90 260 
90 265 
90 274 
90 279 
90 281 
90 283 
90 297 
91 92 
91 97 
91 108 
91 125 
91 129 
91 133 
91 141 
91 155 
91 170 
91 171 
91 172 
91 185 
91 186 
91 187 
91 192 
91 196 
91 198 
91 201 
91 204 
91 211 
91 223 
91 224 
91 225 
91 232 
91 236 
91 252 
91 255 
91 260 
91 267 
91 270 
91 272 
91 283 
91 288 
91 290 
91 298 
92 101 
92 106 
92 111 
92 114 
92 124 
92 129 
92 138 
92 144 
92 145 
92 159 
92 164 
92 170 
92 185 
92 189 
92 191 
92 193 
92 202 
92 204 
92 206 
92 207 
92 218 
92 219 
92 220 
92 225 
92 247 
92 252 
92 278 
92 279 
92 281 
92 284 
92 289 
92 292 
93 97 
93 100 
93 112 
93 113 
93 114 
93 119 
93 120 
93 125 
93 128 
93 129 
93 135 
93 136 
93 140 
93 154 
93 177 
93 178 
93 180 
93 183 
93 188 
93 194 
93 202 
93 215 
93 217 
93 220 
93 223 
93 224 
93 233 
93 235 
93 240 
93 258 
93 268 
93 273 
93 277 
93 283 
93 284 
93 286 
93 298 
94 110 
94 120 
94 121 
94 123 
94 127 
94 130 
94 135 
94 138 
94 146 
94 157 
94 159 
94 162 
94 164 
94 166 
94 174 
94 180 
94 185 
94 196 
94 201 
94 202 
94 203 
94 211 
94 226 
94 229 
94 238 
94 241 
94 247 
94 250 
94 255 
94 256 
94 270 
94 273 
94 276 
94 277 
94 279 
94 280 
94 287 
94 288 
94 289 
95 100 
95 107 
95 117 
95 120 
95 129 
95 130 
95 135 
95 136 
95 137 
95 138 
95 139 
95 142 
95 144 
95 145 
95 146 
95 150 
95 152 
95 153 
95 162 
95 164 
95 166 
95 169 
95 174 
95 175 
95 181 
95 184 
95 197 
95 200 
95 206 
95 219 
95 225 
95 226 
95 229 
95 232 
95 238 
95 245 
95 246 
95 254 
95 257 
95 259 
95 268 
95 269 
95 271 
95 273 
95 277 
95 290 
96 104 
96 124 
96 131 
96 132 
96 134 
96 136 
96 137 
96 141 
96 143 
96 156 
96 160 
96 161 
96 164 
96 166 
96 171 
96 172 
96 177 
96 178 
96 185 
96 194 
96 197 
96 198 
96 199 
96 207 
96 210 
96 216 
96 219 
96 225 
96 228 
96 230 
96 235 
96 236 
96 244 
96 247 
96 250 
96 252 
96 254 
96 259 
96 262 
96 267 
96 270 
96 271 
96 286 
96 290 
96 291 
96 292 
96 293 
96 294 
96 297 
97 102 
97 106 
97 108 
97 118 
97 123 
97 137 
97 143 
97 144 
97 146 
97 147 
97 148 
97 151 
97 153 
97 160 
97 180 
97 181 
97 182 
97 186 
97 190 
97 202 
97 210 
97 217 
97 221 
97 225 
97 228 
97 231 
97 237 
97 239 
97 242 
97 246 
97 250 
97 253 
97 258 
97 271 
97 273 
97 274 
97 287 
97 288 
97 298 
97 299 
98 99 
98 109 
98 114 
98 116 
98 121 
98 131 
98 141 
98 158 
98 161 
98 168 
98 175 
98 184 
98 194 
98 200 
98 207 
98 212 
98 214 
98 215 
98 216 
98 227 
98 233 
98 234 
98 235 
98 240 
98 241 
98 244 
98 248 
98 254 
98 257 
98 269 
98 274 
98 275 
98 285 
98 290 
98 300 
99 101 
99 105 
99 107 
99 109 
99 110 
99 114 
99 118 
99 120 
99 123 
99 129 
99 134 
99 136 
99 146 
99 147 
99 149 
99 151 
99 162 
99 163 
99 169 
99 172 
99 175 
99 177 
99 187 
99 197 
99 204 
99 211 
99 218 
99 226 
99 236 
99 237 
99 241 
99 260 
99 271 
99 276 
99 279 
99 280 
99 284 
99 285 
99 287 
99 296 
100 104 
100 110 
100 123 
100 124 
100 134 
100 166 
100 172 
100 174 
100 181 
100 184 
100 199 
100 214 
100 229 
100 230 
100 234 
100 235 
100 236 
100 240 
100 243 
100 245 
100 251 
100 261 
100 263 
100 266 
100 276 
100 282 
100 283 
101 103 
101 111 
101 114 
101 123 
101 125 
101 134 
101 135 
101 141 
101 150 
101 172 
101 176 
101 179 
101 180 
101 183 
101 184 
101 188 
101 191 
101 194 
101 204 
101 206 
101 215 
101 237 
101 238 
101 239 
101 242 
101 257 
101 277 
101 282 
101 284 
101 298 
101 299 
102 117 
102 120 
102 121 
102 122 
102 130 
102 134 
102 136 
102 137 
102 139 
102 141 
102 144 
102 146 
102 172 
102 177 
102 184 
102 185 
102 199 
102 207 
102 211 
102 218 
102 220 
102 222 
102 231 
102 236 
102 242 
102 251 
102 256 
102 257 
102 262 
102 264 
102 266 
102 270 
102 278 
102 292 
102 297 
103 119 
103 136 
103 149 
103 150 
103 152 
103 153 
103 163 
103 175 
103 176 
103 187 
103 189 
103 193 
103 198 
103 219 
103 221 
103 224 
103 227 
103 233 
103 234 
103 240 
103 248 
103 254 
103 255 
103 258 
103 259 
103 262 
103 264 
103 266 
103 270 
103 272 
103 274 
103 280 
103 283 
103 285 
103 288 
103 290 
104 105 
104 108 
104 112 
104 126 
104 127 
104 129 
104 143 
104 148 
104 154 
104 155 
104 157 
104 160 
104 165 
104 166 
104 170 
104 183 
104 184 
104 187 
104 189 
104 209 
104 211 
104 225 
104 227 
104 228 
104 231 
104 235 
104 246 
104 252 
104 254 
104 259 
104 262 
104 271 
104 283 
104 294 
104 297 
105 109 
105 110 
105 123 
105 127 
105 134 
105 141 
105 145 
105 149 
105 157 
105 160 
105 165 
105 179 
105 186 
105 193 
105 216 
105 219 
105 227 
105 229 
105 230 
105 231 
105 241 
105 252 
105 254 
105 257 
105 258 
105 264 
105 265 
105 283 
105 288 
105 290 
105 295 
105 298 
106 108 
106 111 
106 118 
106 131 
106 138 
106 139 
106 141 
106 148 
106 151 
106 159 
106 163 
106 167 
106 176 
106 181 
106 199 
106 200 
106 203 
106 204 
106 207 
106 214 
106 218 
106 220 
106 223 
106 225 
106 231 
106 249 
106 251 
106 258 
106 269 
106 283 
106 285 
106 286 
106 287 
106 289 
106 295 
106 296 
106 297 
107 115 
107 121 
107 122 
107 134 
107 142 
107 143 
107 145 
107 148 
107 150 
107 162 
107 175 
107 178 
107 184 
107 185 
107 187 
107 188 
107 194 
107 198 
107 217 
107 223 
107 227 
107 229 
107 246 
107 250 
107 257 
107 260 
107 266 
107 271 
107 276 
107 279 
107 280 
107 293 
107 298 
107 299 
108 113 
108 116 
108 120 
108 123 
108 126 
108 127 
108 129 
108 130 
108 143 
108 145 
108 147 
108 150 
108 156 
108 159 
108 161 
108 162 
108 167 
108 168 
108 178 
108 180 
108 181 
108 182 
108 197 
108 206 
108 207 
108 209 
108 211 
108 213 
108 214 
108 217 
108 229 
108 239 
108 242 
108 253 
108 256 
108 262 
108 264 
108 266 
108 285 
108 290 
108 291 
109 131 
109 138 
109 140 
109 144 
109 156 
109 157 
109 165 
109 166 
109 181 
109 182 
109 197 
109 199 
109 212 
109 214 
109 219 
109 222 
109 225 
109 231 
109 245 
109 247 
109 256 
109 259 
109 264 
109 265 
109 275 
109 278 
109 279 
109 281 
109 286 
109 290 
109 298 
110 112 
110 123 
110 136 
110 143 
110 149 
110 152 
110 160 
110 163 
110 171 
110 172 
110 173 
110 175 
110 177 
110 180 
110 187 
110 199 
110 201 
110 206 
110 215 
110 218 
110 225 
110 229 
110 230 
110 234 
110 243 
110 246 
110 249 
110 250 
110 251 
110 262 
110 267 
110 271 
110 273 
110 275 
110 282 
110 288 
110 289 
110 290 
110 292 
110 296 
110 299 
111 114 
111 119 
111 122 
111 125 
111 130 
111 133 
111 154 
111 159 
111 162 
111 163 
111 166 
111 169 
111 174 
111 179 
111 187 
111 189 
111 191 
111 214 
111 219 
111 226 
111 237 
111 238 
111 239 
111 241 
111 245 
111 248 
111 250 
111 255 
111 260 
111 262 
111 266 
111 268 
111 269 
111 270 
111 278 
111 280 
111 284 
111 288 
111 293 
111 295 
111 296 
112 120 
112 121 
112 126 
112 128 
112 129 
112 131 
112 132 
112 133 
112 135 
112 138 
112 139 
112 146 
112 154 
112 157 
112 159 
112 164 
112 170 
112 181 
112 183 
112 188 
112 195 
112 202 
112 203 
112 204 
112 208 
112 209 
112 221 
112 225 
112 231 
112 239 
112 245 
112 253 
112 258 
112 260 
112 268 
112 275 
112 287 
112 293 
112 300 
113 115 
113 119 
113 124 
113 131 
113 137 
113 140 
113 141 
113 143 
113 150 
113 159 
113 160 
113 161 
113 165 
113 167 
113 171 
113 177 
113 179 
113 182 
113 186 
113 196 
113 201 
113 202 
113 205 
113 211 
113 212 
113 216 
113 219 
113 244 
113 246 
113 254 
113 269 
113 271 
113 272 
113 275 
113 278 
113 283 
113 286 
113 287 
114 119 
114 129 
114 132 
114 134 
114 136 
114 137 
114 142 
114 143 
114 145 
114 154 
114 160 
114 171 
114 175 
114 181 
114 188 
114 196 
114 197 
114 206 
114 212 
114 213 
114 217 
114 231 
114 236 
114 237 
114 252 
114 254 
114 267 
114 269 
114 274 
114 279 
114 280 
114 286 
114 287 
114 289 
114 292 
114 293 
114 297 
114 298 
115 122 
115 124 
115 126 
115 127 
115 130 
115 141 
115 145 
115 147 
115 160 
115 164 
115 174 
115 175 
115 177 
115 186 
115 187 
115 189 
115 192 
115 200 
115 205 
115 222 
115 226 
115 240 
115 243 
115 247 
115 252 
115 259 
115 261 
115 276 
115 277 
115 286 
115 295 
116 118 
116 119 
116 129 
116 134 
116 135 
116 139 
116 146 
116 152 
116 159 
116 162 
116 166 
116 167 
116 168 
116 187 
116 198 
116 201 
116 204 
116 209 
116 211 
116 217 
116 225 
116 227 
116 229 
116 231 
116 234 
116 235 
116 236 
116 238 
116 244 
116 246 
116 249 
116 250 
116 251 
116 259 
116 263 
116 266 
116 284 
116 285 
116 288 
116 293 
116 297 
116 298 
117 127 
117 128 
117 137 
117 151 
117 161 
117 163 
117 165 
117 175 
117 183 
117 184 
117 185 
117 186 
117 191 
117 195 
117 208 
117 212 
117 216 
117 217 
117 229 
117 247 
117 249 
117 250 
117 251 
117 259 
117 260 
117 263 
117 265 
117 269 
117 278 
117 286 
117 288 
117 290 
117 295 
117 298 
118 127 
118 129 
118 143 
118 144 
118 147 
118 149 
118 159 
118 162 
118 164 
118 173 
118 180 
118 181 
118 185 
118 186 
118 189 
118 194 
118 197 
118 200 
118 206 
118 211 
118 216 
118 223 
118 232 
118 237 
118 241 
118 257 
118 274 
118 276 
118 279 
118 283 
118 284 
119 120 
119 140 
119 145 
119 146 
119 150 
119 163 
119 170 
119 177 
119 182 
119 187 
119 193 
119 196 
119 198 
119 202 
119 203 
119 206 
119 208 
119 211 
119 228 
119 232 
119 236 
119 241 
119 249 
119 254 
119 255 
119 260 
119 265 
119 276 
119 278 
119 282 
119 290 
119 296 
119 297 
120 125 
120 127 
120 131 
120 132 
120 138 
120 146 
120 150 
120 159 
120 162 
120 165 
120 166 
120 168 
120 172 
120 175 
120 182 
120 191 
120 195 
120 199 
120 200 
120 209 
120 211 
120 230 
120 240 
120 247 
120 260 
120 261 
120 266 
120 269 
120 272 
120 276 
120 285 
120 286 
120 292 
120 293 
121 139 
121 140 
121 143 
121 157 
121 159 
121 164 
121 165 
121 171 
121 175 
121 181 
121 183 
121 184 
121 185 
121 192 
121 197 
121 198 
121 203 
121 208 
121 209 
121 212 
121 223 
121 231 
121 239 
121 240 
121 244 
121 250 
121 254 
121 275 
121 283 
121 285 
121 288 
121 290 
122 127 
122 158 
122 161 
122 162 
122 171 
122 176 
122 178 
122 181 
122 183 
122 185 
122 192 
122 194 
122 200 
122 205 
122 208 
122 211 
122 215 
122 218 
122 220 
122 242 
122 243 
122 244 
122 245 
122 247 
122 250 
122 254 
122 255 
122 259 
122 267 
122 273 
122 282 
122 286 
122 287 
122 297 
123 126 
123 131 
123 135 
123 138 
123 142 
123 150 
123 153 
123 164 
123 171 
123 179 
123 182 
123 184 
123 190 
123 191 
123 192 
123 193 
123 198 
123 216 
123 219 
123 225 
123 251 
123 262 
123 267 
123 269 
123 271 
123 279 
123 280 
124 129 
124 132 
124 139 
124 144 
124 146 
124 159 
124 162 
124 166 
124 167 
124 170 
124 176 
124 177 
124 178 
124 184 
124 190 
124 202 
124 206 
124 219 
124 221 
124 227 
124 230 
124 233 
124 239 
124 247 
124 249 
124 259 
124 262 
124 271 
124 278 
124 285 
124 286 
124 289 
124 296 
124 299 
125 129 
125 131 
125 132 
125 137 
125 138 
125 143 
125 144 
125 147 
125 153 
125 160 
125 162 
125 163 
125 165 
125 166 
125 172 
125 173 
125 174 
125 175 
125 188 
125 200 
125 206 
125 207 
125 209 
125 211 
125 214 
125 215 
125 230 
125 236 
125 237 
125 238 
125 245 
125 252 
125 264 
125 265 
125 270 
125 281 
125 287 
125 288 
125 291 
125 297 
125 298 
125 299 
126 128 
126 130 
126 143 
126 146 
126 150 
126 156 
126 158 
126 160 
126 179 
126 180 
126 183 
126 185 
126 189 
126 193 
126 199 
126 200 
126 203 
126 218 
126 224 
126 225 
126 227 
126 234 
126 242 
126 243 
126 244 
126 246 
126 249 
126 253 
126 262 
126 263 
126 269 
126 271 
126 276 
126 285 
126 287 
126 288 
126 290 
126 298 
127 139 
127 143 
127 144 
127 153 
127 160 
127 170 
127 171 
127 178 
127 179 
127 180 
127 187 
127 189 
127 196 
127 205 
127 207 
127 217 
127 224 
127 230 
127 233 
127 234 
127 235 
127 236 
127 238 
127 260 
127 263 
127 265 
127 269 
127 278 
127 282 
127 285 
127 294 
127 296 
128 130 
128 132 
128 135 
128 137 
128 139 
128 141 
128 144 
128 149 
128 153 
128 168 
128 175 
128 176 
128 177 
128 182 
128 186 
128 188 
128 199 
128 200 
128 220 
128 232 
128 243 
128 255 
128 262 
128 263 
128 268 
128 270 
128 280 
128 281 
128 287 
128 294 
129 140 
129 142 
129 153 
129 156 
129 162 
129 172 
129 174 
129 178 
129 179 
129 190 
129 192 
129 196 
129 197 
129 200 
129 202 
129 218 
129 220 
129 224 
129 227 
129 241 
129 250 
129 261 
129 266 
129 277 
129 279 
129 285 
129 287 
129 295 
129 296 
129 298 
130 131 
130 132 
130 134 
130 138 
130 150 
130 153 
130 168 
130 174 
130 183 
130 189 
130 200 
130 201 
130 203 
130 206 
130 210 
130 211 
130 216 
130 222 
130 223 
130 232 
130 239 
130 240 
130 253 
130 259 
130 269 
130 272 
130 281 
130 282 
130 293 
130 294 
130 296 
131 133 
131 134 
131 141 
131 144 
131 146 
131 147 
131 148 
131 156 
131 157 
131 158 
131 159 
131 162 
131 167 
131 170 
131 171 
131 189 
131 194 
131 197 
131 198 
131 203 
131 206 
131 213 
131 214 
131 227 
131 229 
131 236 
131 252 
131 262 
131 264 
131 265 
131 267 
131 271 
131 272 
131 279 
131 285 
131 286 
131 289 
131 296 
132 134 
132 143 
132 144 
132 146 
132 150 
132 159 
132 163 
132 165 
132 171 
132 182 
132 186 
132 189 
132 199 
132 204 
132 205 
132 206 
132 211 
132 215 
132 218 
132 220 
132 222 
132 224 
132 230 
132 232 
132 233 
132 242 
132 243 
132 248 
132 253 
132 258 
132 259 
132 261 
132 267 
132 269 
132 275 
132 288 
132 294 
133 135 
133 143 
133 146 
133 148 
133 155 
133 159 
133 160 
133 166 
133 169 
133 172 
133 173 
133 180 
133 183 
133 191 
133 194 
133 195 
133 196 
133 205 
133 214 
133 219 
133 220 
133 224 
133 229 
133 230 
133 241 
133 244 
133 247 
133 248 
133 253 
133 255 
133 260 
133 263 
133 269 
133 272 
133 274 
133 276 
133 279 
133 288 
133 291 
133 296 
133 297 
133 298 
134 138 
134 146 
134 149 
134 150 
134 153 
134 162 
134 164 
134 167 
134 168 
134 169 
134 176 
134 181 
134 209 
134 210 
134 211 
134 213 
134 215 
134 216 
134 222 
134 225 
134 229 
134 238 
134 247 
134 256 
134 279 
134 281 
134 283 
134 289 
134 290 
135 140 
135 141 
135 146 
135 149 
135 152 
135 153 
135 155 
135 169 
135 174 
135 183 
135 186 
135 187 
135 190 
135 211 
135 218 
135 220 
135 224 
135 225 
135 227 
135 230 
135 245 
135 247 
135 269 
135 282 
135 285 
135 287 
135 288 
135 296 
135 297 
136 143 
136 149 
136 151 
136 158 
136 160 
136 161 
136 163 
136 167 
136 172 
136 178 
136 179 
136 181 
136 182 
136 183 
136 187 
136 197 
136 200 
136 213 
136 225 
136 230 
136 237 
136 242 
136 243 
136 245 
136 250 
136 254 
136 262 
136 277 
136 280 
136 287 
136 291 
136 296 
136 297 
136 300 
137 139 
137 141 
137 142 
137 143 
137 149 
137 151 
137 163 
137 171 
137 173 
137 174 
137 181 
137 186 
137 187 
137 202 
137 207 
137 217 
137 222 
137 227 
137 228 
137 230 
137 236 
137 250 
137 254 
137 257 
137 263 
137 269 
137 270 
137 275 
137 284 
137 288 
137 294 
138 140 
138 141 
138 143 
138 154 
138 161 
138 163 
138 165 
138 180 
138 183 
138 185 
138 190 
138 191 
138 198 
138 212 
138 213 
138 214 
138 215 
138 217 
138 218 
138 219 
138 222 
138 238 
138 241 
138 245 
138 247 
138 254 
138 269 
138 274 
138 280 
138 281 
138 284 
138 289 
138 291 
138 293 
138 294 
138 299 
139 152 
139 159 
139 170 
139 175 
139 179 
139 181 
139 182 
139 187 
139 189 
139 191 
139 194 
139 197 
139 198 
139 212 
139 218 
139 219 
139 220 
139 225 
139 226 
139 239 
139 249 
139 254 
139 256 
139 263 
139 276 
139 279 
139 287 
139 292 
139 295 
139 297 
140 151 
140 156 
140 159 
140 160 
140 163 
140 167 
140 168 
140 172 
140 178 
140 179 
140 190 
140 194 
140 195 
140 198 
140 199 
140 200 
140 204 
140 221 
140 225 
140 238 
140 242 
140 245 
140 246 
140 249 
140 250 
140 253 
140 260 
140 270 
140 271 
140 272 
140 280 
140 288 
140 291 
140 293 
141 142 
141 146 
141 149 
141 151 
141 155 
141 166 
141 175 
141 176 
141 178 
141 181 
141 187 
141 188 
141 189 
141 207 
141 209 
141 215 
141 216 
141 234 
141 237 
141 252 
141 263 
141 281 
141 282 
141 286 
141 294 
141 297 
141 299 
142 148 
142 150 
142 155 
142 162 
142 171 
142 180 
142 188 
142 196 
142 203 
142 206 
142 216 
142 222 
142 225 
142 237 
142 244 
142 249 
142 252 
142 253 
142 261 
142 269 
142 278 
142 290 
142 292 
142 296 
142 300 
143 150 
143 154 
143 160 
143 167 
143 198 
143 206 
143 209 
143 212 
143 225 
143 226 
143 233 
143 235 
143 238 
143 240 
143 244 
143 252 
143 259 
143 263 
143 268 
143 273 
143 274 
143 288 
143 290 
143 299 
143 300 
144 145 
144 147 
144 148 
144 149 
144 159 
144 167 
144 169 
144 170 
144 172 
144 173 
144 179 
144 186 
144 187 
144 192 
144 205 
144 209 
144 217 
144 219 
144 221 
144 235 
144 241 
144 246 
144 254 
144 256 
144 258 
144 262 
144 263 
144 264 
144 265 
144 266 
144 276 
144 282 
144 286 
144 300 
145 146 
145 156 
145 161 
145 169 
145 171 
145 174 
145 181 
145 188 
145 189 
145 190 
145 198 
145 201 
145 202 
145 217 
145 218 
145 220 
145 221 
145 231 
145 235 
145 236 
145 239 
145 253 
145 261 
145 262 
145 263 
145 266 
145 275 
145 288 
145 290 
145 292 
145 294 
145 295 
146 151 
146 152 
146 154 
146 160 
146 181 
146 183 
146 187 
146 193 
146 196 
146 197 
146 205 
146 208 
146 215 
146 224 
146 238 
146 244 
146 245 
146 252 
146 259 
146 267 
146 270 
146 271 
146 283 
146 286 
146 289 
146 296 
147 156 
147 162 
147 163 
147 168 
147 171 
147 178 
147 185 
147 189 
147 190 
147 191 
147 192 
147 194 
147 200 
147 207 
147 214 
147 220 
147 228 
147 229 
147 230 
147 231 
147 233 
147 239 
147 245 
147 246 
147 252 
147 254 
147 257 
147 271 
147 277 
147 283 
147 287 
147 290 
147 291 
147 300 
148 156 
148 161 
148 167 
148 171 
148 172 
148 173 
148 178 
148 200 
148 206 
148 208 
148 218 
148 219 
148 229 
148 239 
148 243 
148 246 
148 251 
148 253 
148 262 
148 265 
148 270 
148 272 
148 273 
148 286 
148 289 
148 292 
148 294 
148 296 
149 155 
149 161 
149 165 
149 166 
149 167 
149 173 
149 178 
149 180 
149 185 
149 190 
149 194 
149 197 
149 199 
149 201 
149 203 
149 204 
149 206 
149 220 
149 221 
149 222 
149 225 
149 226 
149 227 
149 234 
149 237 
149 243 
149 247 
149 249 
149 254 
149 262 
149 266 
149 269 
149 273 
149 278 
149 286 
149 287 
150 151 
150 154 
150 155 
150 165 
150 169 
150 172 
150 174 
150 179 
150 191 
150 196 
150 198 
150 199 
150 205 
150 206 
150 207 
150 208 
150 213 
150 215 
150 221 
150 225 
150 227 
150 228 
150 233 
150 241 
150 243 
150 247 
150 248 
150 250 
150 256 
150 263 
150 284 
150 286 
150 288 
150 289 
150 293 
151 156 
151 159 
151 167 
151 169 
151 187 
151 194 
151 205 
151 206 
151 212 
151 215 
151 224 
151 231 
151 239 
151 251 
151 252 
151 253 
151 257 
151 261 
151 270 
151 273 
151 280 
151 286 
151 294 
152 156 
152 159 
152 160 
152 170 
152 174 
152 176 
152 183 
152 186 
152 196 
152 198 
152 204 
152 208 
152 211 
152 214 
152 218 
152 219 
152 220 
152 222 
152 230 
152 233 
152 237 
152 245 
152 251 
152 258 
152 264 
152 267 
152 270 
152 284 
152 291 
153 154 
153 162 
153 165 
153 167 
153 180 
153 182 
153 185 
153 189 
153 198 
153 201 
153 204 
153 209 
153 210 
153 211 
153 212 
153 217 
153 219 
153 221 
153 222 
153 224 
153 229 
153 241 
153 254 
153 259 
153 263 
153 269 
153 286 
153 290 
153 296 
153 297 
154 157 
154 165 
154 168 
154 173 
154 175 
154 181 
154 196 
154 197 
154 199 
154 204 
154 217 
154 219 
154 220 
154 228 
154 242 
154 251 
154 255 
154 270 
154 277 
154 279 
154 282 
154 283 
154 286 
154 289 
155 161 
155 162 
155 166 
155 176 
155 178 
155 190 
155 192 
155 195 
155 197 
155 198 
155 206 
155 207 
155 210 
155 214 
155 215 
155 216 
155 223 
155 227 
155 236 
155 256 
155 258 
155 259 
155 261 
155 266 
155 271 
155 274 
155 275 
155 295 
155 296 
155 298 
155 300 
156 158 
156 168 
156 171 
156 172 
156 174 
156 176 
156 178 
156 179 
156 182 
156 183 
156 192 
156 193 
156 197 
156 202 
156 207 
156 210 
156 212 
156 213 
156 222 
156 228 
156 230 
156 234 
156 236 
156 244 
156 247 
156 251 
156 256 
156 259 
156 268 
156 269 
156 271 
156 272 
156 281 
156 285 
156 291 
156 293 
156 294 
157 163 
157 164 
157 169 
157 170 
157 173 
157 178 
157 181 
157 182 
157 187 
157 191 
157 205 
157 214 
157 216 
157 218 
157 220 
157 222 
157 232 
157 234 
157 236 
157 244 
157 251 
157 263 
157 266 
157 271 
157 272 
157 273 
157 277 
157 278 
157 291 
158 167 
158 168 
158 171 
158 174 
158 175 
158 177 
158 182 
158 195 
158 198 
158 206 
158 207 
158 209 
158 211 
158 220 
158 222 
158 239 
158 259 
158 262 
158 264 
158 268 
158 273 
158 274 
158 276 
158 277 
158 280 
158 298 
159 162 
159 171 
159 174 
159 177 
159 181 
159 183 
159 184 
159 189 
159 192 
159 196 
159 202 
159 207 
159 229 
159 232 
159 240 
159 242 
159 244 
159 246 
159 247 
159 250 
159 256 
159 257 
159 259 
159 260 
159 261 
159 262 
159 266 
159 276 
159 287 
159 289 
159 290 
159 292 
159 297 
160 164 
160 167 
160 178 
160 186 
160 193 
160 194 
160 198 
160 199 
160 206 
160 207 
160 216 
160 228 
160 235 
160 238 
160 242 
160 246 
160 247 
160 257 
160 263 
160 274 
160 276 
160 287 
160 288 
161 162 
161 164 
161 166 
161 174 
161 177 
161 188 
161 189 
161 190 
161 198 
161 201 
161 205 
161 207 
161 212 
161 216 
161 228 
161 229 
161 249 
161 252 
161 261 
161 262 
161 265 
161 266 
161 271 
161 272 
161 275 
161 277 
161 280 
161 284 
161 286 
161 288 
161 293 
161 296 
161 298 
161 299 
162 167 
162 176 
162 181 
162 185 
162 206 
162 213 
162 214 
162 217 
162 218 
162 223 
162 224 
162 231 
162 232 
162 243 
162 246 
162 250 
162 254 
162 255 
162 265 
162 267 
162 269 
162 272 
162 281 
162 286 
162 291 
162 295 
162 298 
163 164 
163 170 
163 178 
163 180 
163 185 
163 196 
163 206 
163 207 
163 214 
163 215 
163 216 
163 221 
163 240 
163 241 
163 245 
163 253 
163 259 
163 260 
163 263 
163 271 
163 279 
163 284 
163 286 
163 288 
163 289 
163 293 
164 165 
164 171 
164 176 
164 184 
164 186 
164 201 
164 202 
164 203 
164 209 
164 210 
164 212 
164 214 
164 215 
164 217 
164 220 
164 221 
164 223 
164 229 
164 235 
164 236 
164 237 
164 246 
164 247 
164 283 
164 288 
164 289 
164 296 
164 299 
164 300 
165 172 
165 174 
165 179 
165 194 
165 200 
165 210 
165 211 
165 213 
165 214 
165 215 
165 216 
165 223 
165 227 
165 239 
165 251 
165 252 
165 253 
165 256 
165 261 
165 264 
165 267 
165 270 
165 272 
165 273 
165 278 
165 280 
165 283 
165 287 
165 293 
165 295 
166 170 
166 172 
166 174 
166 182 
166 184 
166 194 
166 196 
166 198 
166 199 
166 210 
166 215 
166 217 
166 219 
166 224 
166 225 
166 226 
166 228 
166 235 
166 238 
166 244 
166 264 
166 270 
166 272 
166 278 
166 284 
166 285 
166 287 
166 296 
167 169 
167 184 
167 185 
167 186 
167 188 
167 195 
167 196 
167 201 
167 203 
167 209 
167 211 
167 213 
167 222 
167 225 
167 230 
167 237 
167 242 
167 245 
167 246 
167 253 
167 258 
167 266 
167 273 
167 286 
167 290 
167 296 
167 297 
167 298 
168 172 
168 181 
168 204 
168 209 
168 212 
168 214 
168 215 
168 216 
168 223 
168 232 
168 234 
168 236 
168 250 
168 251 
168 257 
168 262 
168 266 
168 267 
168 268 
168 271 
168 273 
168 275 
168 287 
168 291 
168 296 
169 172 
169 173 
169 177 
169 178 
169 181 
169 185 
169 186 
169 188 
169 189 
169 190 
169 205 
169 217 
169 220 
169 231 
169 233 
169 234 
169 236 
169 259 
169 269 
169 271 
169 276 
169 280 
169 281 
169 282 
169 285 
169 294 
170 173 
170 175 
170 179 
170 182 
170 183 
170 184 
170 186 
170 188 
170 197 
170 201 
170 212 
170 213 
170 215 
170 217 
170 220 
170 222 
170 228 
170 232 
170 235 
170 244 
170 256 
170 262 
170 266 
170 268 
170 273 
170 274 
170 283 
170 295 
171 174 
171 176 
171 193 
171 194 
171 202 
171 203 
171 204 
171 206 
171 209 
171 220 
171 221 
171 234 
171 238 
171 240 
171 243 
171 247 
171 248 
171 250 
171 252 
171 254 
171 262 
171 272 
171 276 
171 288 
171 290 
172 176 
172 180 
172 185 
172 190 
172 191 
172 192 
172 194 
172 214 
172 219 
172 236 
172 239 
172 241 
172 244 
172 245 
172 249 
172 250 
172 258 
172 263 
172 265 
172 267 
172 273 
172 275 
172 287 
172 296 
173 177 
173 180 
173 191 
173 195 
173 200 
173 225 
173 232 
173 233 
173 236 
173 249 
173 255 
173 256 
173 257 
173 258 
173 264 
173 277 
173 281 
173 283 
173 292 
173 293 
173 298 
174 184 
174 191 
174 192 
174 197 
174 199 
174 202 
174 206 
174 209 
174 214 
174 215 
174 217 
174 218 
174 229 
174 231 
174 237 
174 245 
174 247 
174 258 
174 268 
174 278 
174 280 
174 281 
174 283 
174 284 
174 286 
174 294 
174 296 
174 300 
175 191 
175 211 
175 213 
175 219 
175 220 
175 226 
175 230 
175 231 
175 233 
175 240 
175 256 
175 260 
175 264 
175 275 
175 276 
175 289 
175 294 
175 299 
176 181 
176 182 
176 183 
176 185 
176 188 
176 189 
176 202 
176 206 
176 219 
176 221 
176 228 
176 231 
176 234 
176 235 
176 238 
176 247 
176 254 
176 260 
176 261 
176 266 
176 271 
176 279 
176 280 
176 287 
176 295 
176 296 
176 297 
176 299 
177 181 
177 190 
177 192 
177 193 
177 199 
177 213 
177 222 
177 223 
177 243 
177 244 
177 246 
177 252 
177 260 
177 263 
177 269 
177 278 
177 283 
177 288 
177 295 
177 296 
178 181 
178 192 
178 194 
178 201 
178 202 
178 212 
178 215 
178 220 
178 221 
178 229 
178 233 
178 243 
178 250 
178 252 
178 257 
178 258 
178 264 
178 265 
178 268 
178 271 
178 275 
178 278 
178 282 
178 288 
178 297 
178 298 
179 195 
179 209 
179 214 
179 215 
179 217 
179 218 
179 219 
179 233 
179 244 
179 245 
179 246 
179 257 
179 267 
179 288 
179 289 
179 291 
179 293 
180 190 
180 197 
180 201 
180 211 
180 215 
180 221 
180 222 
180 223 
180 226 
180 227 
180 231 
180 241 
180 246 
180 252 
180 255 
180 259 
180 264 
180 265 
180 270 
180 271 
180 273 
180 280 
180 287 
180 290 
180 295 
181 183 
181 188 
181 191 
181 193 
181 197 
181 208 
181 210 
181 213 
181 215 
181 216 
181 219 
181 220 
181 221 
181 227 
181 230 
181 233 
181 234 
181 236 
181 241 
181 247 
181 248 
181 259 
181 260 
181 261 
181 263 
181 269 
181 279 
181 296 
181 299 
182 189 
182 194 
182 197 
182 203 
182 210 
182 222 
182 231 
182 256 
182 257 
182 262 
182 265 
182 267 
182 269 
182 270 
182 273 
182 276 
182 278 
182 279 
182 297 
182 300 
183 192 
183 200 
183 210 
183 222 
183 226 
183 229 
183 230 
183 231 
183 233 
183 241 
183 248 
183 249 
183 254 
183 256 
183 257 
183 258 
183 259 
183 261 
183 264 
183 274 
183 278 
183 282 
183 286 
183 287 
183 288 
183 292 
183 298 
184 186 
184 187 
184 195 
184 200 
184 209 
184 212 
184 214 
184 216 
184 219 
184 221 
184 224 
184 225 
184 228 
184 242 
184 247 
184 249 
184 253 
184 254 
184 255 
184 263 
184 264 
184 267 
184 269 
184 282 
184 285 
184 286 
184 299 
185 186 
185 188 
185 189 
185 212 
185 215 
185 216 
185 219 
185 221 
185 225 
185 227 
185 236 
185 263 
185 273 
185 277 
185 282 
185 285 
185 294 
185 299 
186 187 
186 195 
186 196 
186 197 
186 204 
186 205 
186 208 
186 218 
186 224 
186 227 
186 230 
186 231 
186 238 
186 239 
186 241 
186 242 
186 247 
186 250 
186 251 
186 253 
186 257 
186 270 
186 274 
186 276 
186 278 
186 289 
186 293 
186 294 
187 188 
187 193 
187 202 
187 206 
187 209 
187 212 
187 218 
187 233 
187 236 
187 237 
187 240 
187 247 
187 249 
187 251 
187 253 
187 254 
187 256 
187 262 
187 275 
187 277 
187 291 
187 294 
187 300 
188 195 
188 198 
188 211 
188 214 
188 219 
188 238 
188 241 
188 246 
188 248 
188 253 
188 256 
188 261 
188 270 
188 280 
188 282 
188 296 
189 198 
189 201 
189 202 
189 204 
189 205 
189 207 
189 209 
189 216 
189 221 
189 224 
189 234 
189 240 
189 245 
189 248 
189 253 
189 254 
189 255 
189 266 
189 283 
189 285 
189 286 
189 290 
190 192 
190 204 
190 213 
190 220 
190 222 
190 229 
190 236 
190 246 
190 253 
190 264 
190 265 
190 273 
190 274 
190 276 
190 277 
190 278 
190 288 
190 292 
190 293 
190 295 
191 200 
191 203 
191 206 
191 207 
191 209 
191 211 
191 212 
191 214 
191 219 
191 226 
191 227 
191 246 
191 253 
191 256 
191 257 
191 266 
191 275 
191 290 
191 294 
191 297 
192 195 
192 197 
192 198 
192 212 
192 221 
192 223 
192 225 
192 228 
192 232 
192 235 
192 249 
192 251 
192 253 
192 259 
192 269 
192 273 
192 274 
192 278 
192 283 
192 294 
193 216 
193 221 
193 232 
193 252 
193 254 
193 261 
193 264 
193 268 
193 283 
193 288 
193 292 
193 294 
194 195 
194 198 
194 220 
194 227 
194 232 
194 253 
194 258 
194 266 
194 268 
194 269 
194 271 
194 276 
194 283 
194 284 
194 293 
194 296 
195 201 
195 205 
195 209 
195 214 
195 227 
195 228 
195 234 
195 236 
195 237 
195 240 
195 241 
195 253 
195 259 
195 269 
195 270 
195 271 
195 275 
195 281 
195 282 
195 283 
195 288 
196 197 
196 198 
196 201 
196 203 
196 204 
196 214 
196 216 
196 235 
196 243 
196 244 
196 254 
196 267 
196 269 
196 270 
196 271 
196 274 
196 280 
196 281 
196 287 
196 291 
196 300 
197 200 
197 201 
197 211 
197 220 
197 222 
197 223 
197 225 
197 227 
197 229 
197 231 
197 242 
197 257 
197 260 
197 263 
197 267 
197 269 
197 273 
197 276 
197 284 
197 287 
198 205 
198 208 
198 223 
198 224 
198 228 
198 229 
198 231 
198 235 
198 237 
198 240 
198 241 
198 256 
198 260 
198 262 
198 264 
198 265 
198 266 
198 270 
198 271 
198 273 
198 274 
198 276 
198 286 
198 289 
198 290 
198 291 
198 296 
198 298 
199 203 
199 204 
199 215 
199 235 
199 238 
199 243 
199 245 
199 247 
199 249 
199 255 
199 260 
199 271 
199 275 
199 277 
199 293 
199 294 
199 298 
200 203 
200 215 
200 216 
200 223 
200 224 
200 226 
200 229 
200 230 
200 235 
200 237 
200 240 
200 253 
200 257 
200 259 
200 262 
200 264 
200 269 
200 278 
200 288 
200 289 
200 292 
200 295 
200 300 
201 203 
201 208 
201 216 
201 217 
201 219 
201 224 
201 228 
201 230 
201 232 
201 240 
201 241 
201 244 
201 246 
201 255 
201 256 
201 264 
201 266 
201 275 
201 286 
201 297 
201 298 
202 204 
202 205 
202 213 
202 222 
202 223 
202 235 
202 236 
202 245 
202 246 
202 247 
202 248 
202 249 
202 256 
202 260 
202 261 
202 262 
202 272 
202 275 
202 293 
202 295 
202 298 
203 206 
203 219 
203 221 
203 229 
203 234 
203 238 
203 241 
203 243 
203 245 
203 248 
203 251 
203 254 
203 260 
203 277 
203 278 
203 285 
203 287 
203 292 
203 293 
203 297 
204 209 
204 210 
204 211 
204 213 
204 222 
204 224 
204 231 
204 232 
204 234 
204 235 
204 237 
204 248 
204 254 
204 255 
204 260 
204 264 
204 266 
204 270 
204 273 
204 281 
204 291 
205 235 
205 248 
205 249 
205 259 
205 260 
205 270 
205 276 
205 285 
205 289 
205 291 
205 296 
205 298 
205 299 
206 208 
206 209 
206 210 
206 219 
206 224 
206 226 
206 234 
206 236 
206 237 
206 241 
206 242 
206 247 
206 251 
206 253 
206 257 
206 261 
206 263 
206 271 
206 275 
206 278 
206 283 
206 297 
207 208 
207 223 
207 224 
207 226 
207 228 
207 229 
207 232 
207 238 
207 247 
207 248 
207 263 
207 265 
207 266 
207 273 
207 280 
207 281 
207 287 
208 209 
208 214 
208 219 
208 221 
208 225 
208 228 
208 232 
208 253 
208 258 
208 263 
208 265 
208 267 
208 271 
208 276 
208 280 
208 281 
208 283 
208 286 
208 288 
209 223 
209 233 
209 250 
209 251 
209 261 
209 264 
209 273 
209 281 
209 293 
209 299 
210 224 
210 227 
210 230 
210 232 
210 233 
210 239 
210 241 
210 244 
210 246 
210 257 
210 258 
210 267 
210 268 
210 278 
210 289 
210 297 
211 219 
211 228 
211 236 
211 237 
211 240 
211 251 
211 252 
211 260 
211 261 
211 270 
211 272 
211 273 
211 275 
211 284 
211 286 
211 290 
211 293 
211 296 
211 297 
211 298 
212 213 
212 214 
212 215 
212 218 
212 219 
212 220 
212 224 
212 226 
212 231 
212 235 
212 239 
212 241 
212 249 
212 250 
212 259 
212 264 
212 266 
212 268 
212 274 
212 276 
212 278 
212 283 
212 289 
212 295 
212 299 
212 300 
213 217 
213 219 
213 227 
213 236 
213 238 
213 239 
213 246 
213 249 
213 250 
213 267 
213 279 
213 280 
213 284 
213 287 
213 288 
214 217 
214 231 
214 234 
214 237 
214 255 
214 257 
214 262 
214 268 
214 270 
214 272 
214 281 
214 286 
214 291 
214 299 
215 222 
215 226 
215 228 
215 230 
215 239 
215 242 
215 250 
215 253 
215 259 
215 264 
215 269 
215 271 
215 279 
215 280 
215 282 
215 283 
215 285 
215 291 
215 295 
215 299 
216 220 
216 222 
216 223 
216 227 
216 231 
216 236 
216 240 
216 245 
216 247 
216 254 
216 269 
216 270 
216 277 
216 280 
216 281 
216 300 
217 221 
217 228 
217 230 
217 235 
217 238 
217 241 
217 242 
217 249 
217 251 
217 253 
217 257 
217 269 
217 273 
218 224 
218 236 
218 238 
218 241 
218 243 
218 244 
218 252 
218 258 
218 260 
218 263 
218 278 
218 280 
218 281 
218 298 
218 299 
219 231 
219 233 
219 235 
219 236 
219 240 
219 241 
219 242 
219 246 
219 247 
219 253 
219 256 
219 257 
219 267 
219 269 
219 278 
219 284 
219 290 
219 291 
219 292 
219 295 
220 223 
220 224 
220 226 
220 229 
220 237 
220 240 
220 243 
220 247 
220 254 
220 271 
220 273 
220 281 
220 286 
220 289 
221 229 
221 232 
221 239 
221 241 
221 248 
221 251 
221 254 
221 255 
221 258 
221 259 
221 272 
221 277 
221 278 
221 281 
221 284 
221 288 
221 293 
221 296 
222 225 
222 235 
222 249 
222 251 
222 254 
222 255 
222 256 
222 264 
222 272 
222 281 
222 286 
222 292 
222 298 
223 229 
223 237 
223 238 
223 257 
223 262 
223 264 
223 273 
223 276 
223 280 
223 290 
223 295 
223 297 
224 225 
224 227 
224 230 
224 234 
224 245 
224 264 
224 267 
224 271 
224 272 
224 275 
224 280 
224 287 
225 230 
225 241 
225 243 
225 244 
225 245 
225 251 
225 255 
225 260 
225 270 
225 273 
225 274 
225 275 
225 280 
225 288 
225 292 
225 293 
225 295 
226 230 
226 233 
226 234 
226 238 
226 243 
226 251 
226 253 
226 257 
226 259 
226 267 
226 270 
226 278 
226 292 
226 293 
226 294 
226 297 
227 228 
227 229 
227 235 
227 239 
227 255 
227 256 
227 260 
227 261 
227 263 
227 266 
227 267 
227 273 
227 283 
227 289 
227 292 
227 293 
227 295 
228 230 
228 232 
228 233 
228 235 
228 240 
228 262 
228 263 
228 264 
228 270 
228 272 
228 275 
228 276 
228 279 
228 282 
228 291 
228 293 
229 235 
229 236 
229 240 
229 242 
229 248 
229 250 
229 251 
229 260 
229 262 
229 272 
229 278 
229 282 
229 287 
229 290 
229 291 
229 293 
229 298 
229 300 
230 232 
230 235 
230 236 
230 249 
230 250 
230 257 
230 262 
230 263 
230 264 
230 266 
230 268 
230 274 
230 275 
230 280 
230 282 
230 286 
230 293 
230 296 
230 297 
230 298 
231 234 
231 237 
231 241 
231 245 
231 253 
231 254 
231 258 
231 263 
231 271 
231 275 
231 279 
231 281 
231 283 
231 288 
231 289 
231 290 
231 295 
232 233 
232 236 
232 238 
232 245 
232 249 
232 253 
232 258 
232 263 
232 276 
232 281 
232 286 
232 293 
232 294 
232 298 
233 234 
233 245 
233 252 
233 261 
233 265 
233 267 
233 268 
233 274 
233 275 
233 281 
233 283 
233 287 
233 288 
233 289 
234 235 
234 239 
234 240 
234 250 
234 260 
234 261 
234 262 
234 264 
234 276 
234 287 
234 291 
235 246 
235 252 
235 255 
235 256 
235 257 
235 258 
235 272 
235 283 
235 286 
235 288 
235 296 
235 300 
236 239 
236 244 
236 247 
236 251 
236 256 
236 257 
236 258 
236 259 
236 267 
236 284 
236 285 
236 286 
236 289 
236 291 
236 294 
237 238 
237 240 
237 250 
237 253 
237 254 
237 259 
237 264 
237 267 
237 272 
237 279 
237 282 
237 283 
237 285 
237 292 
237 296 
237 299 
238 243 
238 244 
238 254 
238 256 
238 265 
238 269 
238 270 
238 272 
238 273 
238 277 
238 285 
238 286 
238 287 
238 288 
238 291 
238 300 
239 243 
239 249 
239 254 
239 261 
239 269 
239 272 
239 273 
239 275 
239 288 
239 289 
239 295 
240 241 
240 245 
240 249 
240 257 
240 262 
240 266 
240 275 
240 287 
240 290 
240 291 
240 294 
240 299 
241 255 
241 258 
241 262 
241 267 
241 277 
241 293 
241 297 
241 299 
242 249 
242 252 
242 256 
242 261 
242 262 
242 270 
242 271 
242 276 
242 282 
242 284 
242 287 
242 289 
242 292 
242 300 
243 251 
243 254 
243 257 
243 259 
243 260 
243 272 
243 288 
243 290 
243 294 
243 298 
244 246 
244 248 
244 249 
244 250 
244 251 
244 252 
244 253 
244 257 
244 258 
244 268 
244 274 
244 278 
244 280 
244 283 
245 251 
245 252 
245 258 
245 271 
245 286 
246 249 
246 251 
246 252 
246 254 
246 256 
246 260 
246 264 
246 265 
246 266 
246 267 
246 269 
246 270 
246 271 
246 272 
246 276 
246 282 
246 284 
246 296 
247 250 
247 263 
247 264 
247 266 
247 280 
247 283 
247 293 
248 252 
248 255 
248 262 
248 277 
248 279 
248 280 
248 288 
249 263 
249 267 
249 268 
249 270 
249 279 
249 283 
249 285 
249 291 
249 296 
249 299 
250 254 
250 259 
250 268 
250 275 
250 278 
250 282 
250 285 
250 286 
250 288 
250 290 
250 295 
250 298 
251 252 
251 259 
251 260 
251 261 
251 267 
251 270 
251 272 
251 274 
251 277 
251 283 
251 285 
251 288 
251 290 
251 294 
251 295 
252 255 
252 256 
252 259 
252 262 
252 265 
252 266 
252 273 
252 276 
252 277 
252 282 
252 283 
252 286 
252 289 
252 290 
252 292 
252 298 
253 257 
253 260 
253 261 
253 272 
253 276 
253 277 
253 280 
253 281 
253 284 
253 286 
253 287 
253 299 
254 256 
254 264 
254 266 
254 270 
254 271 
254 274 
254 277 
254 280 
254 284 
255 260 
255 266 
255 267 
255 268 
255 272 
255 274 
255 290 
255 292 
255 295 
256 259 
256 269 
256 272 
256 274 
256 277 
256 280 
256 287 
256 292 
256 296 
257 259 
257 265 
257 268 
257 272 
257 275 
257 285 
257 290 
258 259 
258 261 
258 265 
258 268 
258 276 
258 277 
258 278 
258 282 
258 286 
258 287 
258 291 
258 296 
258 297 
259 260 
259 265 
259 267 
259 268 
259 276 
259 282 
259 289 
259 293 
260 264 
260 267 
260 277 
260 280 
260 291 
260 300 
261 263 
261 269 
261 277 
261 278 
261 282 
261 284 
261 292 
262 263 
262 264 
262 266 
262 267 
262 283 
262 286 
262 292 
262 299 
262 300 
263 267 
263 272 
263 280 
263 281 
263 282 
263 283 
263 288 
263 290 
263 291 
263 293 
264 267 
264 268 
264 273 
264 276 
264 278 
264 283 
264 285 
264 291 
264 294 
265 275 
265 285 
265 286 
265 288 
265 293 
265 295 
265 297 
266 283 
266 300 
267 269 
267 272 
267 280 
267 283 
267 289 
267 294 
267 297 
268 272 
268 273 
268 279 
268 280 
268 281 
268 284 
268 287 
268 289 
268 297 
268 298 
268 299 
269 272 
269 274 
269 278 
269 284 
269 285 
269 287 
269 288 
269 290 
269 294 
269 296 
270 272 
270 280 
270 289 
270 293 
271 273 
271 283 
271 292 
271 294 
271 296 
271 297 
272 288 
272 296 
272 297 
272 299 
273 275 
273 277 
273 278 
273 279 
273 281 
273 292 
273 295 
273 296 
274 277 
274 284 
274 289 
274 290 
274 296 
274 297 
275 279 
275 280 
275 281 
275 292 
275 294 
275 296 
276 280 
276 286 
276 288 
276 294 
276 299 
277 279 
277 280 
277 287 
277 294 
277 295 
277 298 
278 282 
278 283 
279 285 
279 286 
279 288 
279 290 
279 293 
279 295 
279 297 
279 300 
280 290 
280 295 
280 298 
281 282 
281 283 
281 285 
281 286 
282 286 
282 289 
282 291 
283 285 
283 291 
283 292 
283 294 
284 287 
284 295 
284 298 
285 287 
285 289 
285 290 
285 291 
285 296 
285 300 
286 287 
286 298 
287 289 
287 296 
288 292 
288 293 
288 297 
289 290 
290 291 
290 292 
291 294 
292 296 
292 298 
293 295 
293 297 
296 299 
298 300 
299 300