300 2242 
1 20 
1 112 
1 126 
1 128 
1 132 
1 155 
1 168 
1 191 
1 242 
1 248 
1 272 
1 275 
1 280 
2 13 
2 58 
2 60 
2 71 
2 90 
2 123 
2 159 
2 165 
2 175 
2 180 
2 181 
2 187 
2 240 
2 246 
2 260 
2 264 
2 271 
2 281 
3 7 
3 9 
3 14 
3 22 
3 26 
3 75 
3 128 
3 143 
3 204 
3 238 
3 239 
4 9 
4 30 
4 46 
4 51 
4 64 
4 92 
4 103 
4 128 
4 169 
4 240 
4 294 
4 296 
5 28 
5 35 
5 43 
5 58 
5 73 
5 96 
5 135 
5 161 
5 167 
5 177 
5 227 
5 237 
5 249 
5 262 
5 278 
6 24 
6 27 
6 35 
6 47 
6 69 
6 73 
6 128 
6 166 
6 195 
6 243 
6 248 
6 250 
6 251 
6 257 
6 267 
6 268 
7 10 
7 58 
7 111 
7 136 
7 142 
7 149 
7 152 
7 168 
7 177 
7 226 
7 231 
7 240 
8 12 
8 21 
8 42 
8 74 
8 97 
8 110 
8 114 
8 119 
8 148 
8 174 
8 181 
8 198 
8 204 
8 229 
8 293 
8 296 
9 25 
9 55 
9 66 
9 148 
9 176 
9 234 
9 255 
9 258 
9 268 
9 288 
10 51 
10 53 
10 73 
10 89 
10 101 
10 120 
10 201 
10 212 
10 253 
10 259 
10 274 
10 288 
10 291 
10 292 
11 16 
11 30 
11 31 
11 53 
11 59 
11 66 
11 72 
11 78 
11 92 
11 143 
11 145 
11 276 
12 70 
12 86 
12 108 
12 126 
12 182 
12 185 
12 218 
12 222 
12 223 
12 284 
12 298 
13 21 
13 30 
13 48 
13 78 
13 90 
13 96 
13 104 
13 146 
13 159 
13 169 
13 199 
13 213 
13 216 
13 237 
13 246 
13 254 
13 278 
13 287 
14 25 
14 63 
14 67 
14 113 
14 121 
14 126 
14 147 
14 155 
14 169 
14 175 
14 188 
14 198 
14 199 
14 222 
14 224 
14 226 
14 249 
14 277 
14 280 
14 281 
15 25 
15 103 
15 109 
15 113 
15 128 
15 177 
15 179 
15 204 
15 206 
15 237 
15 240 
15 246 
15 268 
15 280 
16 31 
16 75 
16 78 
16 97 
16 109 
16 154 
16 183 
16 205 
16 249 
16 285 
17 59 
17 114 
17 119 
17 152 
17 183 
17 198 
18 76 
18 87 
18 114 
18 130 
18 196 
18 287 
18 289 
18 292 
18 294 
19 101 
19 102 
19 111 
19 119 
19 123 
19 166 
19 186 
19 193 
19 198 
19 214 
19 216 
19 253 
19 261 
19 290 
19 291 
20 61 
20 69 
20 98 
20 101 
20 109 
20 111 
20 128 
20 148 
20 153 
20 155 
20 162 
20 171 
20 192 
20 203 
20 237 
20 240 
20 269 
20 276 
20 284 
21 29 
21 30 
21 45 
21 46 
21 111 
21 183 
21 231 
21 240 
21 247 
21 265 
21 271 
21 287 
22 37 
22 45 
22 63 
22 80 
22 99 
22 157 
22 171 
22 181 
22 191 
22 196 
22 212 
22 219 
22 222 
22 243 
22 262 
22 296 
23 163 
23 172 
23 201 
23 253 
23 260 
23 270 
23 281 
24 34 
24 44 
24 53 
24 104 
24 107 
24 122 
24 129 
24 155 
24 164 
24 186 
24 228 
24 279 
24 288 
24 296 
24 297 
25 82 
25 88 
25 90 
25 96 
25 123 
25 136 
25 145 
25 162 
25 175 
25 238 
25 256 
25 261 
25 266 
25 274 
25 275 
25 290 
26 33 
26 39 
26 62 
26 116 
26 123 
26 134 
26 141 
26 143 
26 144 
26 152 
26 169 
26 170 
26 188 
26 192 
26 200 
26 224 
26 244 
26 257 
26 271 
26 285 
27 32 
27 71 
27 100 
27 124 
27 126 
27 149 
27 154 
27 162 
27 193 
27 206 
27 208 
27 228 
27 230 
27 271 
27 272 
27 275 
27 277 
27 280 
28 57 
28 89 
28 94 
28 120 
28 140 
28 172 
28 175 
28 179 
28 180 
28 184 
28 214 
28 255 
28 298 
29 69 
29 70 
29 75 
29 161 
29 175 
29 179 
29 187 
29 223 
29 239 
29 245 
29 254 
29 268 
29 291 
30 34 
30 42 
30 105 
30 129 
30 189 
30 191 
30 202 
30 205 
30 245 
30 246 
30 250 
30 255 
31 114 
31 155 
31 163 
31 172 
31 194 
31 204 
31 209 
31 224 
31 239 
31 249 
31 257 
31 270 
32 33 
32 44 
32 45 
32 46 
32 54 
32 58 
32 99 
32 104 
32 123 
32 141 
32 146 
32 157 
32 160 
32 175 
32 283 
32 288 
32 290 
33 37 
33 39 
33 71 
33 74 
33 84 
33 87 
33 114 
33 123 
33 139 
33 157 
33 207 
33 210 
33 231 
33 232 
33 250 
33 270 
33 280 
33 289 
34 38 
34 92 
34 101 
34 128 
34 145 
34 155 
34 184 
34 189 
34 192 
34 195 
34 223 
34 238 
34 270 
35 47 
35 49 
35 81 
35 101 
35 107 
35 114 
35 135 
35 153 
35 157 
35 166 
35 177 
35 215 
35 222 
35 232 
35 233 
35 248 
35 275 
35 281 
35 285 
36 37 
36 56 
36 72 
36 77 
36 101 
36 125 
36 153 
36 177 
36 193 
36 212 
36 220 
36 228 
36 233 
36 243 
36 266 
36 274 
36 292 
36 298 
37 81 
37 97 
37 119 
37 175 
37 203 
37 206 
37 210 
37 225 
37 238 
37 276 
37 293 
37 294 
37 295 
37 300 
38 48 
38 71 
38 94 
38 114 
38 228 
38 229 
38 231 
38 280 
38 296 
39 75 
39 93 
39 138 
39 141 
39 146 
39 150 
39 183 
39 186 
39 192 
39 223 
39 246 
39 254 
39 255 
39 261 
39 274 
40 48 
40 76 
40 80 
40 93 
40 161 
40 238 
40 240 
40 283 
41 53 
41 66 
41 101 
41 114 
41 152 
41 158 
41 167 
41 245 
41 249 
41 253 
41 273 
41 288 
41 297 
42 43 
42 44 
42 72 
42 81 
42 86 
42 93 
42 101 
42 103 
42 105 
42 142 
42 186 
42 187 
42 214 
42 223 
42 227 
42 237 
42 253 
42 268 
42 275 
42 293 
42 299 
43 52 
43 56 
43 60 
43 94 
43 100 
43 120 
43 240 
43 244 
44 83 
44 108 
44 110 
44 111 
44 122 
44 141 
44 145 
44 173 
44 185 
44 223 
44 231 
44 266 
44 280 
44 285 
44 293 
45 47 
45 61 
45 66 
45 76 
45 87 
45 91 
45 101 
45 159 
45 179 
45 209 
45 243 
45 260 
45 274 
45 276 
46 47 
46 78 
46 99 
46 151 
46 175 
46 176 
46 179 
46 183 
46 209 
46 272 
46 289 
46 296 
47 65 
47 82 
47 101 
47 114 
47 148 
47 153 
47 176 
47 202 
47 203 
47 206 
47 208 
47 223 
47 230 
47 249 
47 257 
47 282 
48 53 
48 67 
48 93 
48 101 
48 113 
48 131 
48 144 
48 203 
48 232 
48 245 
48 264 
48 273 
48 293 
49 93 
49 109 
49 138 
49 196 
49 211 
49 265 
49 282 
50 67 
50 137 
50 150 
50 159 
50 177 
50 195 
50 216 
50 261 
50 281 
51 57 
51 98 
51 136 
51 168 
51 175 
51 184 
51 185 
51 195 
51 211 
51 228 
51 265 
51 277 
52 73 
52 84 
52 101 
52 129 
52 134 
52 176 
52 195 
52 223 
52 271 
52 299 
53 105 
53 115 
53 128 
53 140 
53 149 
53 170 
53 179 
53 192 
53 217 
53 249 
53 267 
53 268 
53 278 
53 295 
54 76 
54 82 
54 111 
54 112 
54 118 
54 122 
54 130 
54 173 
54 193 
54 199 
54 204 
54 229 
54 259 
54 260 
54 275 
54 289 
54 299 
55 59 
55 64 
55 96 
55 130 
55 134 
55 135 
55 136 
55 176 
55 190 
55 195 
55 221 
55 263 
55 278 
56 76 
56 78 
56 96 
56 121 
56 140 
56 153 
56 161 
56 171 
56 183 
56 247 
56 252 
56 260 
56 264 
57 129 
57 135 
57 154 
57 196 
57 218 
57 235 
57 243 
57 252 
57 254 
57 262 
57 267 
57 284 
57 294 
58 72 
58 76 
58 85 
58 106 
58 116 
58 129 
58 130 
58 156 
58 180 
58 183 
58 212 
58 234 
58 268 
58 286 
59 97 
59 143 
59 224 
59 228 
59 234 
59 256 
59 276 
59 294 
60 67 
60 72 
60 85 
60 94 
60 109 
60 197 
60 218 
60 299 
61 62 
61 77 
61 118 
61 210 
61 228 
61 231 
61 236 
61 251 
61 255 
61 281 
61 282 
61 292 
62 77 
62 126 
62 166 
62 170 
62 184 
62 190 
62 202 
62 270 
63 67 
63 71 
63 93 
63 156 
63 166 
63 176 
63 202 
63 206 
63 233 
63 234 
63 235 
63 271 
63 274 
64 93 
64 132 
64 155 
64 164 
64 175 
64 179 
64 215 
64 221 
64 252 
64 272 
64 274 
64 294 
65 67 
65 69 
65 79 
65 90 
65 99 
65 110 
65 119 
65 122 
65 125 
65 127 
65 144 
65 150 
65 155 
65 161 
65 183 
65 185 
65 194 
65 218 
65 219 
65 240 
65 268 
65 281 
65 293 
65 297 
66 68 
66 72 
66 77 
66 93 
66 113 
66 133 
66 170 
66 172 
66 180 
66 191 
66 194 
66 232 
66 239 
66 257 
66 272 
66 300 
67 74 
67 90 
67 107 
67 118 
67 129 
67 171 
67 190 
67 203 
67 248 
67 286 
68 95 
68 207 
68 214 
68 224 
68 255 
68 263 
69 76 
69 91 
69 96 
69 134 
69 135 
69 179 
69 189 
69 190 
69 219 
69 237 
69 257 
69 272 
69 278 
69 286 
70 87 
70 102 
70 105 
70 114 
70 127 
70 167 
70 190 
70 202 
70 216 
70 235 
70 284 
71 85 
71 109 
71 135 
71 149 
71 175 
71 180 
71 185 
71 218 
71 240 
71 267 
71 275 
71 298 
71 300 
72 130 
72 132 
72 164 
72 168 
72 172 
72 176 
72 183 
72 186 
72 200 
72 208 
72 223 
72 238 
72 262 
72 264 
72 269 
72 280 
72 287 
72 292 
73 97 
73 108 
73 117 
73 132 
73 145 
73 177 
73 180 
73 275 
73 286 
74 164 
74 180 
74 188 
74 191 
74 211 
74 237 
74 239 
74 256 
74 261 
74 264 
75 99 
75 106 
75 140 
75 143 
75 211 
75 220 
75 225 
75 271 
76 77 
76 89 
76 98 
76 158 
76 171 
76 194 
76 195 
76 215 
76 226 
76 235 
76 290 
77 80 
77 88 
77 147 
77 150 
77 154 
77 156 
77 171 
77 173 
77 209 
77 210 
77 214 
77 220 
77 231 
77 238 
77 240 
77 256 
77 264 
77 279 
78 122 
78 126 
78 175 
78 183 
78 188 
78 195 
78 204 
78 206 
78 212 
78 242 
78 261 
78 265 
78 288 
78 295 
79 86 
79 104 
79 175 
79 180 
79 202 
79 213 
79 236 
79 237 
79 253 
79 270 
79 299 
80 100 
80 199 
80 211 
80 236 
80 244 
80 247 
80 262 
80 292 
80 296 
80 297 
81 85 
81 95 
81 102 
81 114 
81 116 
81 122 
81 131 
81 133 
81 140 
81 161 
81 187 
81 194 
81 218 
81 253 
81 260 
81 262 
81 274 
81 286 
81 297 
82 87 
82 117 
82 139 
82 170 
82 178 
82 188 
82 217 
82 231 
82 246 
82 261 
82 283 
82 284 
83 106 
83 131 
83 153 
83 223 
83 224 
83 228 
83 232 
83 252 
83 255 
83 279 
83 284 
84 108 
84 125 
84 175 
84 178 
84 193 
84 202 
84 210 
84 224 
84 241 
84 242 
85 128 
85 129 
85 195 
85 233 
85 237 
85 277 
86 125 
86 127 
86 128 
86 132 
86 144 
86 145 
86 146 
86 164 
86 174 
86 194 
86 287 
86 299 
87 100 
87 107 
87 126 
87 131 
87 135 
87 140 
87 153 
87 162 
87 248 
87 298 
88 92 
88 115 
88 125 
88 177 
88 206 
88 215 
88 231 
88 245 
88 276 
88 284 
89 154 
89 185 
89 187 
89 213 
89 215 
89 250 
89 261 
89 271 
89 273 
90 92 
90 101 
90 123 
90 136 
90 140 
90 186 
90 195 
90 197 
90 200 
90 229 
90 230 
90 232 
90 280 
90 283 
91 122 
91 141 
91 142 
91 143 
91 183 
91 184 
91 219 
91 237 
91 264 
91 270 
91 296 
92 116 
92 134 
92 135 
92 145 
92 160 
92 190 
92 197 
92 205 
92 209 
92 240 
92 249 
92 263 
93 116 
93 127 
93 166 
93 231 
93 243 
93 257 
93 271 
93 277 
94 112 
94 159 
94 163 
94 187 
94 244 
94 254 
94 274 
94 281 
95 97 
95 112 
95 115 
95 126 
95 140 
95 162 
95 170 
95 173 
95 180 
95 181 
95 183 
95 191 
95 204 
95 239 
96 100 
96 123 
96 125 
96 126 
96 179 
96 232 
96 277 
96 288 
96 289 
97 150 
97 156 
97 161 
97 189 
97 208 
97 222 
97 264 
97 279 
98 130 
98 135 
98 243 
99 116 
99 121 
99 155 
99 159 
99 202 
99 266 
99 268 
99 280 
99 286 
100 107 
100 109 
100 128 
100 169 
100 189 
100 233 
100 280 
100 299 
101 115 
101 150 
101 179 
101 223 
101 230 
101 233 
101 258 
102 103 
102 124 
102 128 
102 160 
102 183 
102 231 
102 245 
102 254 
103 151 
103 174 
103 202 
103 284 
103 300 
104 134 
104 174 
104 197 
104 226 
104 240 
104 261 
104 297 
105 109 
105 124 
105 140 
105 163 
105 198 
105 225 
105 282 
105 287 
105 293 
106 117 
106 120 
106 125 
106 134 
106 164 
106 169 
106 171 
106 176 
106 182 
106 192 
106 275 
107 118 
107 120 
107 124 
107 132 
107 141 
107 150 
107 158 
107 230 
107 280 
107 284 
107 290 
107 294 
107 299 
108 153 
108 184 
108 248 
108 253 
108 259 
108 262 
108 278 
108 288 
108 291 
109 118 
109 126 
109 135 
109 137 
109 148 
109 198 
109 228 
109 244 
109 249 
109 262 
109 264 
109 296 
109 298 
110 114 
110 130 
110 162 
110 164 
110 171 
110 175 
110 185 
110 187 
110 231 
110 247 
110 253 
110 265 
110 275 
110 297 
111 129 
111 200 
111 201 
111 207 
111 210 
111 225 
111 229 
111 255 
111 263 
111 291 
112 117 
112 133 
112 145 
112 176 
112 185 
112 189 
112 191 
112 204 
112 205 
112 216 
113 136 
113 153 
113 197 
113 217 
113 255 
113 268 
113 270 
113 278 
113 280 
113 284 
113 291 
114 137 
114 142 
114 144 
114 153 
114 154 
114 173 
114 199 
114 231 
114 249 
114 258 
114 262 
114 270 
114 289 
114 299 
115 150 
115 163 
115 204 
115 229 
115 255 
116 125 
116 150 
116 163 
116 210 
116 229 
116 236 
116 279 
116 287 
117 128 
117 141 
117 143 
117 144 
117 159 
117 194 
117 225 
117 239 
117 242 
117 246 
117 250 
117 260 
117 284 
117 289 
118 122 
118 146 
118 184 
118 187 
118 214 
118 232 
118 245 
118 289 
119 131 
119 136 
119 146 
119 181 
119 216 
119 223 
119 262 
119 279 
120 140 
120 173 
120 230 
120 285 
121 123 
121 147 
121 149 
121 151 
121 152 
121 171 
121 249 
121 257 
121 260 
121 279 
121 291 
122 167 
122 170 
122 177 
122 181 
122 219 
122 258 
122 259 
122 260 
122 262 
122 264 
123 128 
123 135 
123 160 
123 187 
123 251 
123 291 
123 293 
124 127 
124 142 
124 163 
124 187 
124 192 
124 219 
124 256 
124 298 
125 151 
125 185 
125 219 
125 267 
125 297 
126 149 
126 182 
126 185 
126 187 
126 216 
126 226 
126 245 
126 255 
126 258 
126 259 
126 287 
126 294 
127 144 
127 158 
127 165 
127 174 
127 187 
127 188 
127 196 
127 211 
127 232 
127 254 
127 258 
127 280 
127 283 
128 134 
128 158 
128 168 
128 197 
128 218 
128 251 
128 258 
128 262 
128 279 
128 288 
129 146 
129 164 
129 194 
129 203 
129 244 
130 157 
130 171 
130 207 
130 210 
130 214 
130 281 
130 286 
130 292 
131 188 
131 235 
131 243 
131 263 
131 270 
132 135 
132 139 
132 182 
132 189 
132 298 
133 135 
133 151 
133 165 
133 244 
133 247 
133 250 
133 288 
134 179 
134 226 
134 295 
135 142 
135 195 
135 199 
135 267 
136 179 
136 182 
136 194 
136 200 
136 212 
136 245 
136 252 
136 267 
137 145 
137 163 
137 172 
137 182 
137 193 
137 205 
137 210 
137 212 
137 222 
137 246 
137 299 
138 160 
138 161 
138 163 
138 175 
138 185 
138 187 
138 190 
138 204 
138 241 
138 257 
138 276 
139 151 
139 163 
139 166 
139 199 
139 229 
139 233 
140 144 
140 154 
140 189 
140 200 
140 218 
140 226 
140 253 
141 149 
141 170 
141 178 
141 209 
141 238 
141 244 
141 261 
141 265 
141 286 
142 146 
142 170 
142 172 
142 193 
142 198 
142 208 
142 299 
143 192 
143 202 
143 247 
143 261 
143 276 
144 154 
144 160 
144 187 
144 194 
144 199 
144 205 
144 250 
144 280 
144 286 
145 208 
145 287 
146 150 
146 173 
146 239 
146 243 
146 246 
146 251 
146 268 
147 152 
147 172 
147 186 
147 209 
147 216 
147 255 
147 266 
147 267 
147 280 
148 190 
148 203 
149 164 
149 169 
149 187 
149 214 
149 225 
149 257 
149 276 
150 171 
150 192 
150 224 
150 244 
150 245 
150 246 
150 253 
150 269 
150 288 
151 197 
151 209 
151 232 
151 245 
151 266 
152 176 
152 181 
152 221 
152 237 
152 242 
152 270 
153 154 
153 181 
153 194 
153 199 
153 217 
153 233 
153 254 
153 274 
153 287 
154 173 
154 198 
154 206 
154 228 
154 255 
154 294 
155 174 
155 188 
155 192 
155 247 
155 249 
155 262 
155 298 
156 161 
156 175 
156 182 
156 184 
156 212 
156 268 
156 287 
157 170 
157 177 
157 210 
157 226 
157 241 
157 246 
157 253 
157 269 
157 283 
158 176 
158 202 
158 246 
158 272 
158 277 
158 298 
159 195 
159 203 
159 229 
159 244 
159 252 
159 261 
160 165 
160 176 
160 181 
160 198 
160 213 
160 231 
160 236 
160 261 
160 272 
160 273 
160 282 
161 178 
161 274 
161 283 
162 188 
162 202 
162 212 
162 265 
162 289 
163 182 
163 213 
163 216 
163 222 
163 226 
163 285 
164 222 
164 251 
164 253 
164 256 
164 284 
165 188 
165 194 
165 215 
165 222 
165 238 
165 254 
165 265 
165 266 
165 298 
166 173 
166 176 
166 192 
166 235 
166 283 
167 177 
167 206 
167 231 
167 235 
167 238 
167 257 
167 258 
167 291 
167 296 
167 300 
168 214 
168 241 
168 262 
168 269 
168 278 
169 176 
169 195 
169 230 
169 245 
169 247 
169 254 
169 257 
169 278 
170 175 
170 189 
170 199 
170 211 
170 226 
170 243 
170 283 
170 300 
171 207 
171 232 
171 233 
171 237 
171 238 
171 245 
171 254 
171 293 
172 195 
172 205 
172 212 
172 228 
172 274 
172 287 
173 232 
173 241 
173 271 
173 284 
174 205 
174 216 
174 254 
174 258 
174 279 
175 185 
175 191 
175 222 
175 226 
175 229 
175 232 
175 239 
175 253 
175 270 
175 271 
175 274 
175 281 
175 291 
175 292 
176 182 
176 187 
176 199 
176 204 
176 219 
176 238 
176 273 
176 297 
176 299 
177 181 
177 196 
177 199 
177 233 
177 239 
177 242 
177 257 
177 261 
177 272 
177 278 
177 281 
177 285 
177 289 
177 296 
177 298 
178 253 
178 270 
179 181 
179 186 
179 223 
179 240 
179 252 
179 274 
179 290 
179 292 
179 293 
179 294 
180 192 
180 210 
180 220 
180 267 
180 284 
180 293 
180 294 
181 185 
181 203 
181 229 
181 240 
181 245 
181 278 
181 282 
182 220 
182 232 
182 234 
182 271 
183 199 
183 231 
183 236 
183 258 
184 199 
184 236 
184 242 
184 246 
184 267 
184 291 
185 206 
185 263 
185 270 
185 281 
185 296 
186 189 
186 194 
186 261 
186 274 
187 213 
187 263 
187 265 
187 274 
187 291 
187 296 
188 196 
188 224 
188 228 
188 232 
188 244 
188 245 
188 246 
188 253 
188 254 
188 275 
189 195 
189 198 
189 227 
189 237 
189 261 
189 265 
189 284 
189 300 
190 200 
190 203 
190 222 
190 241 
190 280 
190 282 
190 297 
191 192 
191 208 
191 211 
191 269 
191 270 
192 206 
192 213 
192 216 
192 220 
192 233 
192 241 
192 244 
192 259 
193 198 
193 207 
193 221 
193 252 
193 253 
193 285 
193 286 
193 299 
194 205 
194 227 
194 237 
194 241 
194 256 
194 268 
195 196 
195 218 
195 223 
195 248 
195 272 
195 299 
196 211 
196 228 
196 243 
196 249 
196 289 
196 291 
197 208 
197 218 
197 226 
197 228 
197 242 
197 293 
197 295 
198 203 
198 261 
198 276 
198 297 
199 210 
199 236 
199 246 
199 247 
199 256 
199 264 
199 265 
199 276 
199 284 
199 293 
200 203 
200 209 
200 262 
200 276 
200 282 
201 203 
201 229 
201 246 
201 267 
201 272 
202 203 
202 220 
202 234 
202 235 
202 257 
202 298 
203 243 
203 247 
203 253 
203 260 
204 233 
204 246 
204 253 
204 257 
204 263 
204 271 
204 299 
205 209 
205 211 
205 265 
205 276 
205 299 
206 243 
206 252 
206 279 
206 298 
207 208 
207 214 
207 218 
207 220 
207 243 
208 267 
209 221 
209 237 
209 241 
209 252 
209 280 
210 214 
210 253 
210 264 
211 214 
211 232 
211 239 
211 260 
212 246 
212 264 
213 243 
213 286 
213 290 
214 265 
215 255 
215 256 
215 261 
215 287 
215 299 
216 218 
216 250 
216 255 
216 264 
216 268 
216 271 
217 239 
217 253 
218 238 
218 245 
218 254 
218 264 
218 288 
219 232 
219 236 
219 287 
219 289 
220 225 
220 226 
220 232 
220 254 
221 224 
221 256 
221 259 
221 265 
221 272 
221 275 
222 236 
222 295 
223 225 
223 231 
223 259 
223 271 
224 238 
224 250 
224 292 
225 249 
225 293 
226 227 
226 241 
226 277 
226 300 
227 261 
227 266 
227 292 
228 255 
228 261 
228 271 
228 276 
228 283 
228 290 
229 253 
229 261 
229 278 
230 232 
230 234 
230 265 
230 276 
230 283 
230 290 
230 294 
230 298 
231 232 
231 236 
231 243 
232 239 
232 261 
232 275 
232 293 
233 240 
233 263 
233 284 
233 286 
234 267 
235 259 
235 267 
236 264 
236 266 
236 271 
237 247 
237 251 
237 264 
237 281 
238 275 
238 278 
239 246 
239 253 
239 264 
239 293 
239 296 
240 261 
240 266 
241 256 
241 279 
241 284 
241 285 
241 293 
242 265 
242 279 
242 292 
243 265 
243 275 
243 279 
243 282 
243 284 
243 292 
243 295 
244 245 
244 254 
244 256 
244 291 
245 270 
245 287 
245 300 
247 251 
247 258 
247 264 
247 291 
248 294 
250 263 
250 268 
250 277 
250 296 
251 261 
251 264 
251 277 
252 261 
252 268 
253 261 
253 270 
256 264 
256 295 
257 276 
257 290 
258 287 
259 285 
259 298 
261 278 
261 280 
262 281 
263 272 
265 293 
265 297 
266 278 
266 283 
267 270 
267 277 
267 278 
269 271 
269 275 
270 293 
271 273 
271 276 
271 292 
272 298 
274 282 
275 279 
276 298 
277 292 
278 279 
278 283 
280 281 
280 290 
282 287 
284 285 
285 291 
287 293 
287 298 
289 298 
289 300 
292 300 
293 296 
294 298