300 4485 
1 5 
1 10 
1 34 
1 48 
1 49 
1 63 
1 90 
1 102 
1 108 
1 113 
1 117 
1 125 
1 129 
1 135 
1 153 
1 155 
1 169 
1 190 
1 195 
1 216 
1 222 
1 224 
1 226 
1 239 
1 255 
1 268 
1 297 
2 12 
2 33 
2 42 
2 50 
2 69 
2 74 
2 86 
2 87 
2 94 
2 100 
2 110 
2 129 
2 135 
2 144 
2 150 
2 159 
2 169 
2 172 
2 173 
2 182 
2 196 
2 201 
2 204 
2 205 
2 219 
2 237 
2 238 
2 245 
2 255 
2 263 
2 295 
3 14 
3 42 
3 44 
3 51 
3 53 
3 70 
3 71 
3 74 
3 79 
3 92 
3 95 
3 101 
3 118 
3 127 
3 133 
3 137 
3 141 
3 144 
3 145 
3 147 
3 151 
3 153 
3 158 
3 159 
3 170 
3 176 
3 180 
3 181 
3 189 
3 197 
3 217 
3 223 
3 229 
3 235 
3 245 
3 262 
3 265 
3 275 
3 279 
3 287 
3 294 
3 299 
4 13 
4 41 
4 43 
4 44 
4 54 
4 57 
4 60 
4 66 
4 69 
4 71 
4 73 
4 77 
4 78 
4 83 
4 105 
4 116 
4 128 
4 132 
4 144 
4 147 
4 148 
4 175 
4 177 
4 178 
4 180 
4 206 
4 220 
4 222 
4 227 
4 234 
4 240 
4 248 
4 254 
4 273 
4 274 
4 298 
5 14 
5 51 
5 55 
5 56 
5 64 
5 69 
5 78 
5 81 
5 85 
5 87 
5 96 
5 97 
5 128 
5 129 
5 144 
5 148 
5 168 
5 172 
5 174 
5 185 
5 186 
5 188 
5 202 
5 205 
5 206 
5 207 
5 208 
5 209 
5 221 
5 225 
5 247 
5 251 
5 267 
5 275 
5 283 
5 294 
5 298 
6 7 
6 13 
6 23 
6 25 
6 26 
6 28 
6 42 
6 43 
6 51 
6 53 
6 61 
6 70 
6 86 
6 110 
6 111 
6 116 
6 132 
6 136 
6 139 
6 153 
6 165 
6 170 
6 171 
6 186 
6 190 
6 199 
6 201 
6 213 
6 225 
6 229 
6 257 
6 269 
6 290 
6 292 
6 293 
6 298 
7 18 
7 23 
7 25 
7 30 
7 35 
7 47 
7 68 
7 99 
7 102 
7 115 
7 127 
7 159 
7 163 
7 167 
7 214 
7 221 
7 225 
7 228 
7 229 
7 234 
7 250 
7 255 
7 261 
7 265 
7 266 
7 291 
8 10 
8 26 
8 38 
8 39 
8 72 
8 73 
8 82 
8 86 
8 88 
8 116 
8 127 
8 149 
8 152 
8 160 
8 166 
8 169 
8 170 
8 190 
8 194 
8 198 
8 203 
8 207 
8 228 
8 230 
8 239 
8 258 
8 271 
8 281 
9 50 
9 54 
9 70 
9 75 
9 84 
9 86 
9 90 
9 95 
9 111 
9 120 
9 121 
9 124 
9 127 
9 141 
9 186 
9 192 
9 229 
9 230 
9 232 
9 236 
9 275 
9 284 
9 298 
10 11 
10 28 
10 33 
10 36 
10 47 
10 61 
10 70 
10 73 
10 93 
10 103 
10 107 
10 109 
10 119 
10 125 
10 129 
10 134 
10 137 
10 138 
10 150 
10 152 
10 164 
10 168 
10 171 
10 183 
10 193 
10 199 
10 211 
10 214 
10 223 
10 227 
10 241 
10 247 
10 283 
10 292 
11 12 
11 17 
11 29 
11 34 
11 37 
11 38 
11 46 
11 51 
11 56 
11 59 
11 81 
11 82 
11 136 
11 146 
11 172 
11 180 
11 200 
11 204 
11 211 
11 217 
11 218 
11 220 
11 231 
11 240 
11 249 
11 251 
11 254 
11 256 
11 283 
11 284 
11 290 
12 15 
12 21 
12 28 
12 34 
12 51 
12 79 
12 113 
12 124 
12 164 
12 193 
12 202 
12 203 
12 211 
12 212 
12 214 
12 228 
12 229 
12 239 
12 258 
12 261 
12 263 
12 274 
12 291 
12 292 
13 34 
13 47 
13 66 
13 67 
13 95 
13 97 
13 114 
13 117 
13 118 
13 144 
13 151 
13 163 
13 165 
13 174 
13 175 
13 177 
13 185 
13 189 
13 190 
13 194 
13 195 
13 205 
13 209 
13 226 
13 232 
13 240 
13 242 
13 265 
13 273 
14 33 
14 36 
14 42 
14 45 
14 47 
14 58 
14 77 
14 86 
14 93 
14 118 
14 141 
14 153 
14 157 
14 161 
14 169 
14 193 
14 198 
14 207 
14 208 
14 211 
14 212 
14 214 
14 231 
14 239 
14 249 
14 255 
14 278 
14 289 
15 32 
15 37 
15 53 
15 70 
15 82 
15 113 
15 115 
15 119 
15 126 
15 131 
15 133 
15 138 
15 142 
15 144 
15 148 
15 151 
15 160 
15 161 
15 169 
15 189 
15 200 
15 204 
15 205 
15 207 
15 227 
15 235 
15 252 
15 264 
15 266 
15 289 
15 297 
16 25 
16 26 
16 32 
16 50 
16 58 
16 59 
16 79 
16 87 
16 101 
16 103 
16 114 
16 118 
16 121 
16 131 
16 136 
16 153 
16 156 
16 174 
16 186 
16 195 
16 199 
16 241 
16 258 
16 262 
16 267 
16 281 
16 282 
16 287 
16 289 
16 294 
17 22 
17 26 
17 28 
17 37 
17 55 
17 68 
17 80 
17 97 
17 101 
17 109 
17 114 
17 121 
17 128 
17 143 
17 147 
17 163 
17 168 
17 169 
17 183 
17 185 
17 187 
17 195 
17 207 
17 218 
17 252 
17 253 
17 254 
17 255 
17 268 
17 276 
17 279 
17 280 
17 295 
18 44 
18 47 
18 104 
18 115 
18 147 
18 156 
18 158 
18 164 
18 175 
18 181 
18 187 
18 191 
18 231 
18 232 
18 235 
18 248 
18 253 
18 271 
18 273 
18 277 
18 287 
18 293 
18 298 
18 300 
19 35 
19 40 
19 57 
19 73 
19 96 
19 132 
19 133 
19 145 
19 148 
19 182 
19 200 
19 212 
19 219 
19 223 
19 249 
19 257 
19 260 
19 261 
19 267 
19 288 
20 22 
20 26 
20 28 
20 33 
20 40 
20 50 
20 53 
20 60 
20 65 
20 76 
20 79 
20 82 
20 83 
20 97 
20 100 
20 103 
20 113 
20 120 
20 128 
20 130 
20 139 
20 144 
20 165 
20 170 
20 174 
20 177 
20 179 
20 181 
20 190 
20 199 
20 203 
20 217 
20 224 
20 227 
20 251 
20 259 
20 260 
20 261 
20 263 
20 278 
20 282 
20 285 
21 37 
21 38 
21 39 
21 52 
21 55 
21 59 
21 60 
21 65 
21 69 
21 70 
21 75 
21 84 
21 86 
21 89 
21 96 
21 98 
21 105 
21 107 
21 108 
21 117 
21 132 
21 158 
21 160 
21 185 
21 199 
21 202 
21 204 
21 214 
21 230 
21 237 
21 240 
21 241 
21 256 
21 260 
21 280 
21 296 
21 300 
22 33 
22 39 
22 48 
22 54 
22 66 
22 69 
22 77 
22 78 
22 79 
22 86 
22 92 
22 97 
22 108 
22 114 
22 118 
22 131 
22 136 
22 157 
22 161 
22 164 
22 165 
22 171 
22 174 
22 183 
22 191 
22 193 
22 194 
22 205 
22 208 
22 215 
22 221 
22 228 
22 239 
22 246 
22 250 
22 262 
22 279 
22 286 
22 291 
23 26 
23 35 
23 41 
23 54 
23 55 
23 66 
23 74 
23 92 
23 99 
23 104 
23 112 
23 129 
23 144 
23 145 
23 165 
23 176 
23 212 
23 217 
23 227 
23 230 
23 262 
23 297 
24 25 
24 40 
24 52 
24 59 
24 72 
24 73 
24 104 
24 108 
24 109 
24 117 
24 135 
24 145 
24 146 
24 180 
24 196 
24 202 
24 209 
24 214 
24 219 
24 223 
24 229 
24 232 
24 235 
24 241 
24 243 
24 246 
24 252 
24 277 
24 294 
25 51 
25 52 
25 65 
25 66 
25 76 
25 83 
25 88 
25 89 
25 95 
25 100 
25 108 
25 137 
25 154 
25 158 
25 166 
25 187 
25 210 
25 221 
25 223 
25 246 
25 261 
25 271 
25 274 
26 32 
26 38 
26 64 
26 79 
26 86 
26 122 
26 133 
26 144 
26 150 
26 151 
26 154 
26 192 
26 196 
26 204 
26 207 
26 216 
26 222 
26 236 
26 241 
26 248 
26 258 
26 262 
26 267 
26 272 
26 275 
26 276 
26 290 
26 292 
27 32 
27 42 
27 59 
27 68 
27 83 
27 85 
27 91 
27 133 
27 160 
27 172 
27 178 
27 181 
27 187 
27 226 
27 232 
27 292 
27 296 
27 298 
28 41 
28 45 
28 46 
28 54 
28 58 
28 68 
28 69 
28 74 
28 86 
28 100 
28 121 
28 122 
28 145 
28 147 
28 154 
28 173 
28 174 
28 175 
28 200 
28 205 
28 229 
28 237 
28 244 
28 249 
28 252 
28 260 
28 262 
28 276 
28 277 
28 278 
28 283 
28 284 
28 287 
28 288 
28 291 
28 292 
28 293 
28 295 
28 300 
29 68 
29 82 
29 99 
29 103 
29 108 
29 120 
29 136 
29 139 
29 143 
29 145 
29 158 
29 176 
29 183 
29 191 
29 200 
29 211 
29 217 
29 218 
29 223 
29 237 
29 253 
29 257 
29 280 
29 283 
29 292 
29 294 
29 300 
30 38 
30 39 
30 44 
30 45 
30 47 
30 50 
30 55 
30 59 
30 76 
30 80 
30 93 
30 101 
30 106 
30 111 
30 120 
30 123 
30 127 
30 136 
30 142 
30 151 
30 171 
30 175 
30 180 
30 203 
30 207 
30 218 
30 248 
30 251 
30 264 
30 282 
30 285 
31 54 
31 65 
31 93 
31 102 
31 103 
31 128 
31 129 
31 147 
31 151 
31 157 
31 161 
31 162 
31 163 
31 170 
31 179 
31 191 
31 195 
31 203 
31 205 
31 206 
31 208 
31 228 
31 231 
31 233 
31 236 
31 261 
31 276 
31 282 
31 289 
31 290 
31 293 
31 295 
31 298 
32 38 
32 59 
32 62 
32 77 
32 94 
32 97 
32 105 
32 136 
32 144 
32 154 
32 178 
32 182 
32 229 
32 248 
32 264 
32 268 
32 273 
33 34 
33 35 
33 42 
33 46 
33 53 
33 54 
33 55 
33 88 
33 110 
33 117 
33 140 
33 141 
33 148 
33 151 
33 152 
33 161 
33 163 
33 165 
33 172 
33 178 
33 185 
33 191 
33 194 
33 202 
33 207 
33 212 
33 230 
33 246 
33 247 
33 278 
33 285 
33 289 
33 297 
34 40 
34 43 
34 53 
34 57 
34 69 
34 79 
34 93 
34 94 
34 104 
34 105 
34 127 
34 141 
34 143 
34 165 
34 177 
34 184 
34 189 
34 194 
34 208 
34 209 
34 221 
34 232 
34 235 
34 243 
34 253 
34 254 
34 270 
34 276 
34 283 
35 36 
35 37 
35 49 
35 67 
35 77 
35 166 
35 182 
35 186 
35 188 
35 197 
35 202 
35 204 
35 215 
35 218 
35 225 
35 235 
35 238 
35 241 
35 266 
35 267 
35 272 
35 280 
35 289 
35 292 
35 297 
36 41 
36 66 
36 75 
36 101 
36 121 
36 131 
36 137 
36 139 
36 141 
36 155 
36 162 
36 180 
36 186 
36 195 
36 203 
36 207 
36 210 
36 211 
36 230 
36 233 
36 239 
36 256 
36 264 
36 270 
36 274 
36 282 
36 287 
36 300 
37 38 
37 39 
37 44 
37 50 
37 55 
37 69 
37 72 
37 74 
37 78 
37 114 
37 115 
37 116 
37 124 
37 127 
37 147 
37 154 
37 168 
37 182 
37 195 
37 201 
37 204 
37 209 
37 212 
37 221 
37 228 
37 236 
37 237 
37 255 
37 264 
37 277 
37 292 
38 39 
38 43 
38 46 
38 58 
38 62 
38 78 
38 82 
38 85 
38 86 
38 101 
38 103 
38 124 
38 126 
38 127 
38 130 
38 139 
38 140 
38 152 
38 153 
38 160 
38 166 
38 169 
38 179 
38 187 
38 188 
38 189 
38 196 
38 199 
38 209 
38 218 
38 219 
38 231 
38 234 
38 236 
38 248 
38 257 
38 262 
38 278 
38 281 
38 285 
38 286 
38 295 
39 53 
39 55 
39 73 
39 97 
39 106 
39 114 
39 128 
39 132 
39 133 
39 148 
39 155 
39 160 
39 163 
39 164 
39 180 
39 188 
39 198 
39 207 
39 214 
39 217 
39 229 
39 244 
39 293 
40 41 
40 43 
40 51 
40 62 
40 65 
40 70 
40 103 
40 109 
40 110 
40 112 
40 133 
40 139 
40 152 
40 164 
40 165 
40 173 
40 180 
40 189 
40 196 
40 198 
40 218 
40 221 
40 227 
40 231 
40 234 
40 252 
40 259 
40 260 
40 262 
40 267 
40 275 
40 294 
40 298 
41 43 
41 65 
41 70 
41 72 
41 78 
41 98 
41 142 
41 146 
41 148 
41 152 
41 153 
41 157 
41 159 
41 169 
41 183 
41 193 
41 194 
41 199 
41 203 
41 215 
41 216 
41 220 
41 222 
41 242 
41 252 
41 255 
41 256 
41 272 
41 275 
41 281 
41 299 
42 49 
42 68 
42 105 
42 127 
42 144 
42 147 
42 172 
42 191 
42 219 
42 228 
42 230 
42 231 
42 260 
42 263 
42 265 
42 270 
42 273 
42 274 
42 285 
42 293 
43 47 
43 93 
43 119 
43 125 
43 130 
43 136 
43 161 
43 164 
43 169 
43 173 
43 195 
43 200 
43 202 
43 208 
43 220 
43 236 
43 240 
43 258 
43 269 
43 275 
43 278 
43 291 
44 49 
44 55 
44 57 
44 66 
44 80 
44 99 
44 111 
44 129 
44 142 
44 147 
44 165 
44 172 
44 184 
44 207 
44 213 
44 218 
44 221 
44 229 
44 243 
44 245 
44 264 
44 268 
44 269 
44 280 
44 291 
44 293 
45 55 
45 79 
45 81 
45 89 
45 100 
45 111 
45 120 
45 123 
45 129 
45 141 
45 143 
45 158 
45 165 
45 169 
45 194 
45 205 
45 217 
45 229 
45 242 
45 243 
45 261 
45 269 
45 277 
46 50 
46 52 
46 60 
46 77 
46 85 
46 93 
46 94 
46 99 
46 111 
46 116 
46 118 
46 119 
46 163 
46 177 
46 180 
46 181 
46 192 
46 217 
46 243 
46 269 
46 274 
47 96 
47 106 
47 108 
47 115 
47 127 
47 139 
47 153 
47 165 
47 167 
47 205 
47 219 
47 241 
47 252 
47 253 
47 271 
47 276 
47 279 
47 295 
47 300 
48 61 
48 63 
48 75 
48 80 
48 81 
48 88 
48 102 
48 138 
48 146 
48 170 
48 173 
48 176 
48 190 
48 199 
48 206 
48 228 
48 230 
48 242 
48 273 
48 282 
48 285 
48 290 
48 298 
48 299 
49 56 
49 57 
49 60 
49 67 
49 68 
49 71 
49 93 
49 112 
49 183 
49 188 
49 191 
49 193 
49 208 
49 211 
49 250 
49 259 
49 265 
49 271 
49 294 
50 54 
50 59 
50 79 
50 101 
50 127 
50 147 
50 160 
50 161 
50 189 
50 191 
50 210 
50 217 
50 228 
50 244 
50 258 
50 260 
50 266 
50 287 
50 290 
50 292 
51 56 
51 67 
51 69 
51 78 
51 116 
51 117 
51 119 
51 127 
51 139 
51 152 
51 158 
51 161 
51 166 
51 174 
51 184 
51 212 
51 230 
51 233 
51 235 
51 245 
51 264 
51 265 
51 268 
51 290 
51 296 
51 300 
52 80 
52 95 
52 96 
52 100 
52 117 
52 123 
52 126 
52 127 
52 153 
52 160 
52 163 
52 177 
52 183 
52 200 
52 224 
52 236 
52 252 
52 272 
52 283 
52 291 
53 65 
53 69 
53 70 
53 89 
53 90 
53 91 
53 113 
53 119 
53 133 
53 135 
53 147 
53 149 
53 153 
53 162 
53 212 
53 221 
53 237 
53 238 
53 259 
53 273 
53 277 
53 283 
53 288 
54 59 
54 65 
54 100 
54 113 
54 123 
54 140 
54 144 
54 170 
54 180 
54 181 
54 186 
54 190 
54 191 
54 196 
54 200 
54 206 
54 209 
54 215 
54 216 
54 224 
54 249 
54 251 
54 256 
54 265 
54 277 
54 291 
54 300 
55 71 
55 101 
55 113 
55 114 
55 116 
55 119 
55 122 
55 127 
55 135 
55 155 
55 158 
55 179 
55 186 
55 195 
55 202 
55 218 
55 220 
55 232 
55 244 
55 259 
55 263 
55 268 
55 278 
55 282 
55 294 
56 58 
56 63 
56 69 
56 70 
56 77 
56 78 
56 89 
56 95 
56 112 
56 136 
56 145 
56 168 
56 169 
56 193 
56 207 
56 212 
56 242 
56 257 
56 265 
56 267 
56 287 
56 288 
57 92 
57 109 
57 120 
57 123 
57 174 
57 177 
57 188 
57 197 
57 209 
57 223 
57 236 
57 246 
57 251 
57 256 
57 258 
57 299 
57 300 
58 68 
58 75 
58 88 
58 94 
58 104 
58 117 
58 120 
58 138 
58 142 
58 167 
58 178 
58 181 
58 189 
58 194 
58 201 
58 209 
58 223 
58 244 
58 249 
58 265 
58 273 
58 277 
58 281 
59 64 
59 88 
59 95 
59 110 
59 121 
59 135 
59 136 
59 149 
59 152 
59 174 
59 193 
59 202 
59 206 
59 218 
59 250 
59 253 
59 261 
59 281 
59 287 
60 77 
60 100 
60 104 
60 118 
60 129 
60 138 
60 155 
60 183 
60 192 
60 200 
60 205 
60 219 
60 224 
60 231 
60 273 
60 274 
60 292 
61 69 
61 107 
61 129 
61 147 
61 148 
61 151 
61 154 
61 158 
61 187 
61 194 
61 210 
61 212 
61 240 
61 246 
61 257 
61 267 
61 278 
61 292 
61 298 
62 74 
62 91 
62 93 
62 94 
62 113 
62 115 
62 120 
62 127 
62 133 
62 135 
62 137 
62 138 
62 159 
62 169 
62 182 
62 191 
62 201 
62 213 
62 230 
62 251 
62 253 
62 257 
62 279 
63 75 
63 80 
63 83 
63 87 
63 91 
63 94 
63 115 
63 118 
63 143 
63 150 
63 151 
63 177 
63 187 
63 192 
63 196 
63 224 
63 231 
63 234 
63 235 
63 247 
63 248 
63 250 
63 254 
63 255 
63 263 
63 267 
63 272 
63 274 
63 288 
63 291 
63 296 
64 69 
64 98 
64 107 
64 109 
64 133 
64 141 
64 145 
64 224 
64 227 
64 242 
64 250 
64 256 
64 280 
64 284 
64 288 
64 289 
64 292 
65 70 
65 73 
65 87 
65 114 
65 118 
65 123 
65 135 
65 146 
65 150 
65 151 
65 155 
65 161 
65 167 
65 170 
65 173 
65 186 
65 190 
65 215 
65 216 
65 222 
65 229 
65 234 
65 253 
65 257 
65 260 
65 268 
65 269 
65 273 
65 274 
66 88 
66 97 
66 103 
66 113 
66 125 
66 141 
66 144 
66 146 
66 151 
66 183 
66 186 
66 193 
66 196 
66 199 
66 204 
66 222 
66 226 
66 229 
66 241 
66 242 
66 243 
66 245 
66 253 
66 276 
66 279 
66 281 
67 79 
67 81 
67 99 
67 104 
67 107 
67 112 
67 113 
67 135 
67 170 
67 171 
67 173 
67 194 
67 200 
67 216 
67 229 
67 236 
67 252 
67 254 
67 259 
67 297 
67 299 
68 73 
68 75 
68 80 
68 87 
68 109 
68 112 
68 116 
68 128 
68 130 
68 137 
68 151 
68 153 
68 160 
68 169 
68 176 
68 179 
68 184 
68 189 
68 190 
68 204 
68 232 
68 237 
68 243 
68 263 
68 271 
68 275 
68 292 
68 295 
69 70 
69 74 
69 77 
69 80 
69 88 
69 93 
69 105 
69 116 
69 151 
69 152 
69 165 
69 175 
69 184 
69 186 
69 188 
69 189 
69 196 
69 200 
69 226 
69 243 
69 258 
69 260 
69 280 
69 296 
70 78 
70 110 
70 117 
70 119 
70 121 
70 124 
70 147 
70 151 
70 155 
70 157 
70 162 
70 166 
70 185 
70 201 
70 203 
70 215 
70 225 
70 230 
70 238 
70 257 
70 260 
70 269 
70 275 
70 276 
70 278 
71 86 
71 137 
71 139 
71 146 
71 149 
71 159 
71 160 
71 162 
71 169 
71 189 
71 208 
71 213 
71 220 
71 242 
71 249 
71 256 
71 261 
71 267 
71 275 
71 276 
72 75 
72 79 
72 84 
72 100 
72 104 
72 105 
72 112 
72 116 
72 152 
72 157 
72 180 
72 182 
72 194 
72 195 
72 199 
72 217 
72 218 
72 220 
72 222 
72 226 
72 269 
72 279 
73 76 
73 86 
73 96 
73 101 
73 106 
73 117 
73 130 
73 135 
73 145 
73 182 
73 218 
73 228 
73 235 
73 241 
73 248 
73 249 
73 250 
73 255 
73 269 
73 273 
73 286 
74 87 
74 91 
74 113 
74 130 
74 135 
74 157 
74 186 
74 187 
74 199 
74 201 
74 205 
74 208 
74 212 
74 221 
74 233 
74 234 
74 251 
74 253 
74 259 
74 272 
75 97 
75 103 
75 106 
75 125 
75 129 
75 145 
75 175 
75 188 
75 190 
75 195 
75 196 
75 226 
75 230 
75 242 
75 270 
75 285 
75 287 
75 295 
76 81 
76 86 
76 96 
76 97 
76 101 
76 109 
76 110 
76 118 
76 119 
76 122 
76 123 
76 128 
76 129 
76 143 
76 151 
76 155 
76 181 
76 196 
76 198 
76 218 
76 238 
76 253 
76 255 
76 258 
76 291 
76 294 
77 112 
77 123 
77 135 
77 160 
77 165 
77 189 
77 210 
77 214 
77 219 
77 246 
77 276 
77 284 
77 285 
77 288 
77 300 
78 85 
78 121 
78 128 
78 155 
78 162 
78 169 
78 180 
78 182 
78 186 
78 192 
78 222 
78 228 
78 234 
78 282 
78 283 
78 285 
78 287 
78 299 
79 87 
79 88 
79 89 
79 95 
79 104 
79 107 
79 136 
79 154 
79 162 
79 171 
79 186 
79 195 
79 203 
79 212 
79 219 
79 221 
79 237 
79 241 
79 261 
79 266 
79 274 
79 276 
79 280 
79 285 
80 118 
80 141 
80 158 
80 169 
80 175 
80 186 
80 195 
80 196 
80 207 
80 208 
80 210 
80 212 
80 216 
80 224 
80 233 
80 238 
80 243 
80 258 
80 260 
80 267 
80 296 
80 298 
81 106 
81 135 
81 145 
81 156 
81 168 
81 172 
81 173 
81 181 
81 194 
81 195 
81 207 
81 227 
81 242 
81 245 
81 246 
81 256 
81 279 
81 280 
81 291 
82 111 
82 140 
82 141 
82 145 
82 157 
82 175 
82 178 
82 184 
82 188 
82 224 
82 231 
82 250 
82 257 
82 259 
82 268 
82 280 
82 284 
82 294 
82 297 
83 89 
83 92 
83 93 
83 104 
83 108 
83 115 
83 150 
83 154 
83 191 
83 197 
83 200 
83 204 
83 224 
83 245 
83 251 
83 263 
84 104 
84 108 
84 121 
84 123 
84 124 
84 132 
84 154 
84 165 
84 176 
84 178 
84 182 
84 183 
84 188 
84 189 
84 205 
84 217 
84 224 
84 231 
84 253 
84 255 
84 256 
84 257 
84 266 
84 271 
84 275 
84 281 
84 283 
84 284 
84 287 
84 290 
84 298 
84 299 
85 104 
85 120 
85 124 
85 129 
85 130 
85 135 
85 147 
85 157 
85 161 
85 166 
85 207 
85 231 
85 243 
85 247 
85 257 
85 295 
86 91 
86 93 
86 105 
86 126 
86 128 
86 161 
86 166 
86 170 
86 175 
86 196 
86 199 
86 211 
86 221 
86 225 
86 229 
86 232 
86 234 
86 254 
86 278 
86 293 
87 98 
87 100 
87 116 
87 141 
87 150 
87 157 
87 161 
87 165 
87 167 
87 191 
87 207 
87 213 
87 244 
87 253 
87 261 
87 284 
87 287 
87 290 
88 112 
88 122 
88 135 
88 136 
88 167 
88 182 
88 204 
88 211 
88 224 
88 232 
88 236 
88 239 
88 240 
88 254 
88 257 
88 260 
88 273 
89 124 
89 129 
89 135 
89 136 
89 144 
89 157 
89 168 
89 174 
89 186 
89 187 
89 194 
89 195 
89 198 
89 213 
89 217 
89 228 
89 231 
89 239 
89 248 
89 257 
89 267 
89 270 
89 280 
89 284 
89 285 
89 288 
89 299 
90 91 
90 94 
90 96 
90 97 
90 102 
90 105 
90 127 
90 130 
90 174 
90 178 
90 223 
90 226 
90 235 
90 236 
90 237 
90 251 
90 264 
90 265 
90 281 
90 287 
90 288 
90 297 
90 300 
91 113 
91 119 
91 121 
91 124 
91 142 
91 144 
91 160 
91 166 
91 171 
91 176 
91 183 
91 187 
91 192 
91 194 
91 202 
91 212 
91 224 
91 230 
91 240 
91 257 
91 279 
91 288 
92 97 
92 99 
92 102 
92 109 
92 111 
92 116 
92 128 
92 153 
92 171 
92 178 
92 184 
92 202 
92 207 
92 209 
92 233 
92 234 
92 241 
92 252 
92 271 
92 278 
92 281 
92 284 
92 296 
93 101 
93 114 
93 116 
93 123 
93 126 
93 137 
93 145 
93 160 
93 167 
93 174 
93 187 
93 214 
93 238 
94 110 
94 116 
94 119 
94 122 
94 125 
94 129 
94 136 
94 141 
94 142 
94 143 
94 165 
94 174 
94 183 
94 192 
94 198 
94 212 
94 213 
94 225 
94 231 
94 259 
94 266 
94 267 
94 289 
94 294 
94 297 
94 300 
95 110 
95 126 
95 129 
95 139 
95 140 
95 160 
95 177 
95 184 
95 224 
95 238 
95 243 
95 250 
95 251 
95 259 
95 279 
95 280 
95 284 
95 287 
95 294 
96 126 
96 134 
96 138 
96 140 
96 142 
96 144 
96 150 
96 162 
96 166 
96 167 
96 168 
96 172 
96 195 
96 196 
96 203 
96 212 
96 215 
96 234 
96 235 
96 249 
96 255 
96 256 
96 261 
96 268 
96 272 
96 298 
97 111 
97 115 
97 116 
97 118 
97 134 
97 151 
97 167 
97 171 
97 175 
97 187 
97 192 
97 197 
97 198 
97 207 
97 211 
97 234 
97 243 
97 250 
97 262 
97 266 
97 268 
97 280 
97 285 
97 289 
97 297 
98 107 
98 109 
98 111 
98 114 
98 115 
98 140 
98 148 
98 155 
98 166 
98 187 
98 189 
98 202 
98 218 
98 231 
98 236 
98 240 
98 243 
98 255 
98 261 
98 270 
98 277 
98 280 
98 281 
98 288 
98 290 
98 292 
99 100 
99 112 
99 138 
99 148 
99 156 
99 158 
99 160 
99 162 
99 165 
99 175 
99 177 
99 180 
99 233 
99 235 
99 238 
99 239 
99 270 
99 275 
99 290 
100 108 
100 119 
100 129 
100 137 
100 153 
100 157 
100 171 
100 176 
100 189 
100 193 
100 201 
100 202 
100 209 
100 217 
100 252 
100 253 
100 294 
101 106 
101 121 
101 124 
101 126 
101 129 
101 131 
101 148 
101 154 
101 166 
101 170 
101 197 
101 199 
101 207 
101 214 
101 243 
101 270 
101 279 
101 286 
101 287 
101 296 
101 300 
102 104 
102 105 
102 131 
102 161 
102 163 
102 192 
102 194 
102 195 
102 213 
102 227 
102 234 
102 253 
102 258 
102 275 
102 289 
102 297 
103 111 
103 145 
103 153 
103 164 
103 165 
103 171 
103 177 
103 190 
103 192 
103 206 
103 230 
103 258 
103 268 
103 274 
103 275 
103 279 
104 105 
104 108 
104 111 
104 139 
104 147 
104 151 
104 152 
104 173 
104 179 
104 187 
104 190 
104 195 
104 211 
104 223 
104 235 
104 237 
104 251 
104 277 
104 278 
104 286 
104 299 
105 108 
105 110 
105 113 
105 135 
105 144 
105 154 
105 156 
105 164 
105 165 
105 174 
105 177 
105 187 
105 197 
105 201 
105 216 
105 250 
105 254 
105 270 
105 291 
106 121 
106 126 
106 129 
106 148 
106 169 
106 170 
106 198 
106 226 
106 227 
106 229 
106 234 
106 244 
106 259 
106 265 
106 268 
106 273 
106 274 
106 284 
106 294 
106 299 
107 111 
107 114 
107 115 
107 120 
107 121 
107 122 
107 142 
107 143 
107 150 
107 172 
107 179 
107 190 
107 211 
107 225 
107 229 
107 239 
107 241 
107 264 
107 267 
107 279 
107 287 
107 288 
108 110 
108 120 
108 140 
108 148 
108 166 
108 181 
108 183 
108 188 
108 190 
108 196 
108 200 
108 205 
108 207 
108 210 
108 212 
108 223 
108 228 
108 236 
108 242 
108 273 
108 276 
108 279 
108 286 
109 110 
109 116 
109 117 
109 118 
109 119 
109 126 
109 132 
109 133 
109 136 
109 138 
109 165 
109 179 
109 192 
109 220 
109 227 
109 238 
109 250 
109 252 
109 267 
109 268 
109 272 
109 278 
109 281 
109 283 
109 285 
109 289 
109 300 
110 111 
110 115 
110 118 
110 122 
110 127 
110 142 
110 143 
110 145 
110 147 
110 160 
110 161 
110 166 
110 179 
110 180 
110 188 
110 196 
110 198 
110 199 
110 202 
110 205 
110 212 
110 242 
110 253 
110 259 
110 284 
110 293 
110 295 
111 114 
111 117 
111 118 
111 136 
111 137 
111 138 
111 139 
111 144 
111 167 
111 170 
111 183 
111 185 
111 187 
111 204 
111 211 
111 220 
111 233 
111 234 
111 236 
111 243 
111 287 
112 113 
112 137 
112 142 
112 143 
112 152 
112 154 
112 156 
112 160 
112 164 
112 189 
112 207 
112 213 
112 218 
112 228 
112 253 
112 254 
112 263 
112 282 
112 287 
113 139 
113 150 
113 156 
113 160 
113 169 
113 189 
113 196 
113 210 
113 211 
113 227 
113 236 
113 249 
113 252 
113 263 
113 287 
113 288 
113 293 
113 295 
113 298 
114 118 
114 124 
114 134 
114 139 
114 153 
114 156 
114 161 
114 162 
114 164 
114 170 
114 178 
114 185 
114 189 
114 192 
114 198 
114 202 
114 207 
114 229 
114 233 
114 239 
114 243 
114 244 
114 291 
115 124 
115 135 
115 155 
115 157 
115 185 
115 186 
115 197 
115 201 
115 205 
115 220 
115 239 
115 244 
115 252 
115 268 
115 281 
115 286 
116 126 
116 130 
116 137 
116 140 
116 146 
116 159 
116 171 
116 175 
116 187 
116 195 
116 214 
116 220 
116 223 
116 239 
116 248 
116 257 
116 258 
116 275 
116 285 
116 298 
117 119 
117 151 
117 170 
117 184 
117 218 
117 221 
117 232 
117 234 
117 239 
117 242 
117 249 
117 294 
118 119 
118 128 
118 149 
118 156 
118 167 
118 181 
118 193 
118 205 
118 206 
118 211 
118 227 
118 258 
118 265 
118 267 
118 282 
118 293 
119 125 
119 128 
119 135 
119 162 
119 165 
119 180 
119 181 
119 191 
119 196 
119 204 
119 209 
119 231 
119 234 
119 236 
119 237 
119 243 
119 247 
119 253 
119 263 
119 298 
120 136 
120 159 
120 163 
120 170 
120 184 
120 198 
120 221 
120 223 
120 229 
120 231 
120 254 
120 259 
120 278 
121 137 
121 142 
121 171 
121 172 
121 175 
121 176 
121 177 
121 181 
121 188 
121 193 
121 196 
121 198 
121 199 
121 219 
121 220 
121 242 
121 248 
121 255 
121 273 
121 283 
121 284 
121 288 
121 291 
122 131 
122 135 
122 141 
122 142 
122 144 
122 145 
122 151 
122 153 
122 158 
122 190 
122 197 
122 207 
122 210 
122 220 
122 238 
122 253 
122 261 
122 268 
122 273 
122 275 
122 288 
122 295 
122 297 
123 129 
123 143 
123 162 
123 187 
123 192 
123 207 
123 216 
123 226 
123 227 
123 235 
123 241 
123 267 
123 272 
123 275 
123 291 
123 292 
123 295 
124 145 
124 151 
124 159 
124 160 
124 203 
124 206 
124 215 
124 216 
124 228 
124 240 
124 243 
124 294 
124 298 
125 126 
125 167 
125 169 
125 174 
125 190 
125 204 
125 206 
125 223 
125 227 
125 253 
125 261 
125 265 
125 267 
125 271 
125 273 
126 139 
126 140 
126 179 
126 195 
126 201 
126 209 
126 219 
126 222 
126 228 
126 233 
126 251 
126 261 
126 268 
126 277 
126 284 
126 286 
126 294 
126 298 
127 137 
127 145 
127 154 
127 166 
127 177 
127 184 
127 199 
127 201 
127 203 
127 223 
127 225 
127 239 
127 252 
127 269 
127 279 
127 286 
127 288 
127 289 
127 291 
127 292 
127 294 
127 299 
128 137 
128 142 
128 148 
128 158 
128 159 
128 161 
128 170 
128 196 
128 201 
128 205 
128 210 
128 219 
128 220 
128 223 
128 227 
128 232 
128 234 
128 249 
128 254 
128 263 
128 290 
129 131 
129 134 
129 143 
129 144 
129 146 
129 151 
129 162 
129 175 
129 190 
129 195 
129 200 
129 221 
129 248 
129 253 
129 272 
129 282 
129 283 
129 291 
129 295 
129 299 
130 137 
130 143 
130 160 
130 166 
130 174 
130 201 
130 204 
130 231 
130 234 
130 248 
130 277 
130 290 
130 294 
131 151 
131 159 
131 173 
131 177 
131 192 
131 235 
131 265 
131 285 
131 289 
131 295 
131 299 
132 162 
132 169 
132 177 
132 178 
132 183 
132 186 
132 205 
132 206 
132 231 
132 251 
132 299 
133 140 
133 147 
133 168 
133 171 
133 175 
133 181 
133 182 
133 196 
133 215 
133 225 
133 232 
133 237 
133 245 
133 263 
133 284 
133 285 
134 138 
134 142 
134 148 
134 151 
134 152 
134 175 
134 180 
134 212 
134 215 
134 217 
134 239 
134 250 
134 253 
134 283 
134 290 
134 291 
135 138 
135 160 
135 195 
135 204 
135 207 
135 211 
135 219 
135 224 
135 231 
135 238 
135 242 
135 263 
135 271 
135 283 
135 285 
135 286 
135 288 
135 289 
135 296 
135 298 
136 140 
136 146 
136 176 
136 185 
136 190 
136 209 
136 210 
136 249 
136 256 
136 259 
136 265 
136 272 
136 286 
136 287 
136 294 
137 140 
137 166 
137 168 
137 173 
137 182 
137 185 
137 190 
137 201 
137 212 
137 216 
137 217 
137 219 
137 220 
137 223 
137 224 
137 229 
137 246 
137 247 
137 248 
137 268 
137 274 
137 275 
137 281 
137 286 
137 295 
138 140 
138 143 
138 144 
138 148 
138 152 
138 161 
138 206 
138 207 
138 229 
138 249 
138 266 
138 274 
138 277 
138 297 
139 141 
139 153 
139 160 
139 174 
139 179 
139 185 
139 186 
139 194 
139 217 
139 218 
139 237 
139 240 
139 244 
139 265 
139 266 
139 272 
139 289 
139 294 
140 141 
140 169 
140 173 
140 187 
140 199 
140 203 
140 221 
140 223 
140 233 
140 236 
140 242 
140 249 
140 253 
140 259 
140 260 
140 261 
140 263 
140 269 
140 282 
140 284 
140 286 
141 152 
141 182 
141 188 
141 195 
141 196 
141 202 
141 207 
141 213 
141 218 
141 231 
141 242 
141 268 
141 270 
141 273 
141 292 
141 299 
142 176 
142 182 
142 188 
142 189 
142 191 
142 194 
142 204 
142 212 
142 216 
142 222 
142 223 
142 228 
142 238 
142 250 
142 253 
142 267 
142 271 
142 273 
142 286 
142 300 
143 151 
143 152 
143 158 
143 162 
143 163 
143 178 
143 180 
143 189 
143 192 
143 203 
143 212 
143 214 
143 222 
143 224 
143 231 
143 236 
143 237 
143 275 
144 145 
144 150 
144 155 
144 160 
144 173 
144 194 
144 210 
144 221 
144 226 
144 230 
144 232 
144 236 
144 253 
144 264 
144 283 
144 284 
144 290 
144 294 
145 155 
145 158 
145 164 
145 167 
145 178 
145 188 
145 197 
145 204 
145 205 
145 239 
145 240 
145 242 
145 251 
145 267 
145 271 
145 276 
145 279 
145 283 
145 293 
145 294 
145 296 
146 174 
146 198 
146 223 
146 242 
146 246 
146 266 
146 269 
146 283 
146 291 
146 294 
147 186 
147 232 
147 262 
147 263 
147 273 
147 280 
147 296 
148 155 
148 169 
148 173 
148 189 
148 199 
148 206 
148 211 
148 242 
148 255 
148 256 
148 258 
148 259 
148 260 
148 274 
148 298 
149 158 
149 167 
149 181 
149 199 
149 203 
149 222 
149 235 
149 236 
149 248 
149 251 
149 252 
149 267 
149 270 
149 273 
149 280 
149 281 
150 151 
150 158 
150 190 
150 192 
150 202 
150 207 
150 214 
150 220 
150 229 
150 231 
150 242 
150 292 
150 293 
150 294 
151 157 
151 168 
151 173 
151 176 
151 207 
151 208 
151 209 
151 212 
151 230 
151 259 
151 267 
151 273 
151 274 
151 293 
152 158 
152 163 
152 183 
152 185 
152 191 
152 217 
152 226 
152 240 
152 241 
152 255 
152 267 
152 268 
152 271 
152 281 
152 299 
153 158 
153 167 
153 169 
153 183 
153 193 
153 208 
153 210 
153 213 
153 217 
153 224 
153 228 
153 243 
153 245 
153 256 
153 257 
153 266 
153 267 
153 276 
153 289 
153 293 
153 295 
153 300 
154 169 
154 171 
154 183 
154 188 
154 208 
154 211 
154 213 
154 215 
154 217 
154 227 
154 228 
154 236 
154 243 
154 244 
154 280 
155 170 
155 186 
155 202 
155 205 
155 208 
155 215 
155 240 
155 248 
155 266 
155 293 
156 167 
156 168 
156 181 
156 211 
156 217 
156 218 
156 219 
156 228 
156 230 
156 233 
156 253 
156 261 
156 270 
156 279 
156 284 
156 300 
157 163 
157 165 
157 179 
157 186 
157 210 
157 214 
157 244 
157 251 
157 252 
157 262 
157 270 
157 284 
157 286 
157 287 
157 289 
158 176 
158 205 
158 226 
158 230 
158 245 
158 246 
158 262 
158 263 
158 265 
158 268 
158 271 
158 287 
158 291 
158 295 
158 299 
159 177 
159 192 
159 193 
159 195 
159 209 
159 254 
159 280 
159 282 
159 295 
160 165 
160 166 
160 176 
160 180 
160 197 
160 214 
160 219 
160 220 
160 227 
160 235 
160 253 
160 256 
160 258 
160 270 
160 289 
161 167 
161 180 
161 199 
161 212 
161 214 
161 226 
161 235 
161 250 
161 283 
162 164 
162 182 
162 195 
162 197 
162 199 
162 204 
162 218 
162 255 
162 259 
162 265 
162 277 
162 298 
163 171 
163 173 
163 176 
163 178 
163 198 
163 219 
163 220 
163 227 
163 233 
163 254 
163 269 
163 286 
164 169 
164 173 
164 178 
164 187 
164 194 
164 201 
164 218 
164 234 
164 243 
164 248 
164 274 
164 280 
164 291 
164 293 
164 294 
164 297 
165 196 
165 197 
165 199 
165 210 
165 233 
165 244 
165 250 
165 254 
165 258 
165 263 
165 273 
165 292 
165 293 
166 177 
166 193 
166 204 
166 222 
166 228 
166 229 
166 233 
166 257 
166 261 
166 270 
166 274 
166 279 
166 289 
166 295 
166 297 
167 177 
167 196 
167 209 
167 211 
167 224 
167 242 
167 244 
167 262 
167 277 
167 292 
168 171 
168 187 
168 197 
168 200 
168 221 
168 222 
168 227 
168 236 
168 241 
168 263 
168 270 
168 284 
168 287 
168 294 
169 170 
169 175 
169 182 
169 205 
169 218 
169 222 
169 226 
169 235 
169 237 
169 247 
169 249 
169 276 
169 289 
169 295 
170 183 
170 208 
170 212 
170 216 
170 218 
170 221 
170 234 
170 258 
170 259 
170 285 
170 300 
171 186 
171 192 
171 200 
171 207 
171 209 
171 224 
171 247 
171 250 
171 251 
171 258 
171 262 
171 270 
171 271 
171 276 
171 284 
171 292 
171 296 
172 177 
172 186 
172 189 
172 193 
172 210 
172 219 
172 230 
172 260 
172 275 
172 276 
172 286 
172 290 
173 182 
173 210 
173 211 
173 218 
173 222 
173 223 
173 237 
173 239 
173 253 
173 261 
173 282 
174 191 
174 197 
174 204 
174 209 
174 220 
174 235 
174 238 
174 241 
174 251 
174 271 
174 274 
174 277 
174 278 
174 286 
174 296 
175 181 
175 195 
175 204 
175 216 
175 222 
175 243 
175 255 
175 260 
175 266 
175 273 
175 287 
175 292 
175 294 
176 178 
176 179 
176 191 
176 200 
176 202 
176 203 
176 207 
176 209 
176 210 
176 221 
176 245 
176 246 
176 261 
176 263 
176 299 
177 193 
177 196 
177 218 
177 246 
177 263 
177 273 
177 283 
177 291 
177 299 
178 179 
178 181 
178 193 
178 194 
178 238 
178 260 
178 265 
178 266 
178 269 
178 294 
178 296 
179 183 
179 190 
179 209 
179 211 
179 230 
179 241 
179 245 
179 252 
179 265 
179 278 
179 285 
180 194 
180 234 
180 248 
180 256 
180 263 
180 275 
180 288 
181 184 
181 217 
181 229 
181 248 
181 297 
182 213 
182 224 
182 235 
182 246 
182 256 
182 264 
182 280 
182 289 
183 188 
183 223 
183 265 
183 279 
183 283 
183 290 
183 298 
183 299 
184 193 
184 207 
184 214 
184 248 
184 274 
184 277 
185 195 
185 196 
185 207 
185 247 
185 257 
185 263 
185 276 
185 285 
185 291 
186 198 
186 200 
186 201 
186 203 
186 228 
186 235 
186 267 
186 270 
186 280 
186 290 
186 293 
186 295 
186 297 
186 299 
187 204 
187 205 
187 216 
187 221 
187 229 
187 237 
187 246 
187 247 
187 291 
187 295 
187 297 
188 219 
188 258 
188 266 
188 270 
188 278 
188 279 
188 285 
188 293 
188 300 
189 216 
189 225 
189 236 
189 246 
189 264 
189 272 
189 275 
189 281 
189 287 
189 295 
189 299 
190 191 
190 240 
190 242 
190 244 
190 248 
190 271 
190 279 
190 282 
190 289 
190 296 
191 210 
191 240 
191 241 
191 243 
191 257 
191 260 
191 288 
191 291 
192 205 
192 215 
192 264 
192 270 
192 276 
192 284 
193 195 
193 217 
193 219 
193 220 
193 222 
193 231 
193 247 
193 276 
193 280 
193 281 
193 287 
193 297 
194 198 
194 200 
194 201 
194 204 
194 233 
194 239 
194 240 
194 250 
194 254 
194 258 
194 263 
194 270 
194 290 
194 296 
194 299 
194 300 
195 221 
195 228 
195 252 
195 253 
195 256 
195 276 
195 293 
196 206 
196 215 
196 218 
196 234 
196 237 
196 267 
196 283 
196 285 
197 209 
197 210 
197 211 
197 233 
197 236 
197 240 
197 253 
197 256 
197 259 
197 265 
197 266 
197 268 
197 284 
197 287 
198 201 
198 213 
198 216 
198 218 
198 245 
198 250 
198 252 
198 264 
199 200 
199 208 
199 217 
199 218 
199 220 
199 234 
199 243 
199 253 
199 256 
199 259 
199 261 
199 285 
200 201 
200 204 
200 246 
200 278 
200 291 
201 229 
201 239 
201 247 
201 255 
201 265 
201 272 
201 294 
201 299 
202 204 
202 208 
202 210 
202 216 
202 227 
202 230 
202 232 
202 257 
202 265 
202 294 
202 295 
202 299 
203 208 
203 232 
203 238 
203 256 
203 261 
204 206 
204 218 
204 244 
204 247 
204 253 
204 255 
204 270 
204 297 
204 298 
205 208 
205 217 
205 247 
205 254 
205 260 
205 264 
205 268 
205 269 
206 217 
206 234 
206 241 
206 287 
206 292 
206 298 
207 242 
207 253 
207 258 
207 264 
207 268 
207 282 
207 287 
208 220 
208 227 
208 235 
208 247 
208 248 
208 251 
208 255 
208 258 
208 267 
208 284 
208 294 
209 215 
209 225 
209 228 
209 229 
209 252 
209 253 
209 256 
209 276 
209 294 
210 219 
210 249 
210 276 
210 299 
211 212 
211 218 
211 220 
211 223 
211 224 
211 251 
211 281 
211 283 
211 287 
211 288 
211 291 
211 299 
211 300 
212 219 
212 238 
212 240 
212 250 
212 260 
212 295 
213 221 
213 242 
213 247 
213 253 
213 261 
213 267 
213 271 
213 274 
213 286 
213 290 
213 297 
214 221 
214 231 
214 243 
214 273 
214 282 
214 293 
215 224 
215 227 
215 232 
215 261 
215 287 
215 292 
215 295 
215 297 
216 224 
216 230 
216 244 
216 265 
216 267 
216 276 
216 278 
216 288 
216 299 
217 220 
217 233 
217 234 
217 242 
217 277 
218 222 
218 230 
218 232 
218 247 
218 249 
218 256 
218 262 
218 268 
218 270 
218 289 
218 298 
219 223 
219 224 
219 244 
219 245 
219 249 
219 254 
219 258 
219 265 
219 269 
219 273 
219 278 
219 282 
219 285 
219 294 
219 297 
219 298 
220 232 
220 237 
220 242 
220 270 
220 272 
220 275 
220 282 
220 295 
221 222 
221 223 
221 235 
221 246 
221 252 
221 277 
221 283 
221 284 
221 289 
221 300 
222 225 
222 230 
222 232 
222 234 
222 244 
222 258 
222 272 
222 280 
222 290 
222 300 
223 225 
223 235 
223 251 
223 267 
223 290 
223 300 
224 249 
224 250 
224 256 
224 261 
224 269 
224 272 
224 285 
224 289 
224 298 
225 226 
225 232 
225 237 
225 247 
225 254 
225 261 
225 275 
225 288 
225 296 
226 239 
226 255 
226 270 
226 271 
226 272 
226 278 
226 286 
226 297 
226 298 
227 232 
227 245 
227 253 
227 255 
227 267 
227 292 
228 248 
228 256 
228 260 
228 264 
228 279 
228 294 
229 235 
229 249 
229 256 
229 269 
229 271 
229 273 
230 231 
230 232 
230 240 
230 256 
230 268 
230 273 
230 275 
230 276 
231 234 
231 243 
231 245 
231 249 
231 253 
231 259 
231 261 
231 280 
231 286 
231 292 
231 296 
232 283 
232 285 
232 286 
232 288 
232 292 
232 294 
232 296 
233 244 
233 251 
233 252 
233 281 
234 253 
234 269 
234 283 
234 288 
234 295 
235 237 
235 249 
235 252 
235 253 
235 254 
235 259 
235 261 
235 270 
235 274 
235 282 
236 237 
236 240 
236 269 
236 275 
236 286 
236 288 
237 250 
237 251 
237 252 
237 259 
237 264 
237 286 
238 246 
238 249 
238 253 
238 279 
238 280 
238 281 
238 289 
238 291 
238 294 
238 295 
239 244 
239 253 
239 255 
239 264 
239 298 
240 268 
240 269 
240 282 
240 291 
240 296 
241 244 
241 292 
241 293 
241 296 
242 249 
242 258 
242 265 
242 277 
242 285 
242 287 
242 293 
242 296 
243 261 
243 271 
243 283 
243 290 
243 296 
244 245 
244 247 
244 250 
244 253 
244 269 
244 279 
244 284 
244 285 
244 289 
245 248 
245 256 
245 260 
245 273 
245 298 
246 247 
246 250 
246 276 
246 281 
247 248 
247 251 
247 253 
247 262 
247 285 
248 258 
248 261 
248 268 
248 271 
248 279 
248 282 
249 254 
249 264 
249 272 
249 273 
249 274 
249 287 
249 290 
250 268 
250 287 
250 293 
251 258 
251 262 
251 274 
251 278 
251 289 
251 294 
252 258 
252 277 
252 289 
252 294 
253 254 
253 266 
253 267 
254 267 
254 269 
254 270 
254 287 
255 270 
255 286 
255 300 
256 259 
256 267 
256 272 
256 273 
256 281 
256 286 
256 288 
256 300 
257 277 
257 281 
258 279 
258 300 
259 281 
259 297 
259 298 
260 264 
260 265 
260 270 
260 279 
260 291 
260 300 
261 267 
261 270 
261 274 
262 269 
262 282 
263 270 
263 271 
263 283 
263 296 
264 274 
264 275 
264 297 
265 269 
265 271 
265 281 
267 274 
267 277 
268 275 
268 279 
268 284 
269 272 
269 275 
270 290 
272 274 
272 288 
272 300 
273 279 
275 277 
275 285 
275 290 
276 295 
277 278 
277 281 
277 285 
277 291 
278 280 
279 281 
279 282 
280 283 
280 291 
280 295 
281 284 
281 296 
281 299 
282 294 
282 298 
283 293 
283 296 
283 300 
284 286 
284 287 
284 291 
284 292 
285 291 
285 295 
285 298 
286 297 
287 288 
287 290 
287 297 
287 299 
287 300 
288 292 
290 291 
290 293 
290 298 
291 296 
292 296 
292 298 
292 300 
293 299 
294 299 
295 300 
296 299 
299 300