30 174 
1 4 
1 6 
1 8 
1 12 
1 14 
1 15 
1 17 
1 23 
1 24 
1 26 
1 29 
2 5 
2 8 
2 9 
2 12 
2 14 
2 16 
2 18 
2 24 
2 29 
3 4 
3 6 
3 8 
3 10 
3 12 
3 15 
3 21 
3 22 
3 24 
3 27 
3 29 
4 6 
4 8 
4 11 
4 13 
4 14 
4 15 
4 16 
4 18 
4 19 
4 20 
4 23 
5 8 
5 10 
5 11 
5 12 
5 13 
5 14 
5 21 
5 22 
5 24 
5 25 
5 27 
5 29 
6 9 
6 13 
6 14 
6 15 
6 23 
6 25 
6 26 
6 27 
6 30 
7 8 
7 11 
7 12 
7 13 
7 14 
7 15 
7 19 
7 20 
7 22 
8 9 
8 10 
8 13 
8 16 
8 20 
8 24 
8 26 
8 29 
9 11 
9 15 
9 16 
9 18 
9 19 
9 21 
9 24 
9 25 
9 26 
9 27 
10 15 
10 16 
10 17 
10 20 
10 25 
10 29 
11 14 
11 16 
11 18 
11 24 
11 25 
11 29 
11 30 
12 13 
12 17 
12 21 
12 22 
12 23 
12 25 
12 26 
13 17 
13 21 
13 23 
13 24 
13 25 
13 28 
13 30 
14 15 
14 19 
14 22 
14 23 
15 22 
15 26 
15 27 
15 28 
15 29 
16 18 
16 20 
16 21 
16 22 
16 24 
16 25 
16 26 
16 28 
16 30 
17 18 
17 19 
17 20 
17 21 
17 27 
17 28 
17 29 
18 20 
18 24 
18 25 
18 28 
19 20 
19 21 
19 23 
19 25 
19 26 
19 29 
20 23 
20 28 
21 22 
21 23 
21 24 
21 25 
21 26 
21 28 
21 30 
22 24 
22 29 
23 26 
23 29 
23 30 
24 28 
25 29 
26 29 
26 30 
27 28 
27 29 
27 30 
28 30