30 87 
1 2 
1 8 
1 16 
1 19 
1 22 
1 23 
1 27 
2 7 
2 11 
2 13 
2 14 
2 20 
2 26 
2 30 
3 5 
3 8 
3 11 
3 19 
3 20 
3 24 
4 15 
4 28 
4 29 
5 9 
5 11 
5 12 
5 21 
5 27 
6 12 
6 15 
6 16 
6 20 
6 23 
6 30 
7 15 
7 19 
7 23 
7 26 
7 30 
8 16 
8 17 
8 20 
8 21 
9 10 
9 20 
9 27 
9 29 
9 30 
10 24 
10 28 
11 16 
11 25 
11 28 
11 29 
12 14 
12 15 
12 20 
13 16 
13 18 
13 22 
13 23 
13 28 
13 29 
14 17 
14 18 
14 20 
14 22 
15 17 
15 25 
16 23 
16 24 
17 20 
17 21 
17 29 
18 19 
18 30 
19 23 
19 25 
19 28 
20 30 
21 27 
23 25 
23 26 
24 25 
24 27 
24 28 
24 30