500 6237 
1 12 
1 43 
1 75 
1 85 
1 91 
1 96 
1 112 
1 132 
1 154 
1 161 
1 199 
1 220 
1 227 
1 235 
1 246 
1 290 
1 316 
1 328 
1 338 
1 350 
1 360 
1 392 
1 424 
1 434 
1 475 
1 496 
2 24 
2 35 
2 38 
2 46 
2 47 
2 58 
2 100 
2 188 
2 212 
2 216 
2 218 
2 225 
2 237 
2 241 
2 287 
2 288 
2 300 
2 304 
2 318 
2 325 
2 364 
2 381 
2 415 
2 429 
2 455 
2 467 
2 480 
2 492 
3 20 
3 35 
3 38 
3 61 
3 72 
3 104 
3 124 
3 131 
3 133 
3 140 
3 159 
3 195 
3 230 
3 285 
3 315 
3 338 
3 354 
3 365 
3 381 
3 382 
3 389 
3 392 
3 396 
3 401 
3 405 
3 408 
3 410 
3 436 
3 455 
3 469 
3 476 
3 497 
4 20 
4 38 
4 53 
4 89 
4 90 
4 126 
4 141 
4 147 
4 222 
4 252 
4 272 
4 305 
4 306 
4 315 
4 341 
4 348 
4 373 
4 412 
4 425 
4 432 
4 433 
4 449 
5 15 
5 21 
5 28 
5 39 
5 45 
5 75 
5 137 
5 175 
5 178 
5 185 
5 196 
5 201 
5 221 
5 248 
5 249 
5 254 
5 261 
5 278 
5 292 
5 294 
5 342 
5 343 
5 402 
5 436 
5 486 
5 489 
6 21 
6 22 
6 39 
6 77 
6 80 
6 115 
6 121 
6 134 
6 137 
6 138 
6 139 
6 141 
6 144 
6 151 
6 227 
6 283 
6 332 
6 340 
6 350 
6 353 
6 375 
6 380 
6 421 
6 424 
6 425 
6 427 
6 437 
6 441 
6 463 
6 467 
6 480 
6 481 
6 486 
6 496 
7 53 
7 60 
7 61 
7 66 
7 119 
7 156 
7 165 
7 192 
7 241 
7 249 
7 256 
7 264 
7 278 
7 313 
7 326 
7 334 
7 349 
7 350 
7 384 
7 403 
7 404 
7 425 
7 432 
7 434 
7 447 
7 460 
7 474 
8 24 
8 86 
8 137 
8 144 
8 169 
8 193 
8 206 
8 222 
8 252 
8 265 
8 314 
8 344 
8 345 
8 348 
8 356 
8 357 
8 367 
8 376 
8 383 
8 396 
8 425 
8 457 
8 471 
8 478 
8 498 
9 11 
9 26 
9 84 
9 85 
9 119 
9 144 
9 193 
9 205 
9 215 
9 247 
9 250 
9 260 
9 276 
9 277 
9 288 
9 296 
9 308 
9 337 
9 358 
9 369 
9 396 
9 405 
9 406 
9 464 
9 478 
9 483 
9 484 
9 499 
10 40 
10 42 
10 43 
10 80 
10 81 
10 192 
10 194 
10 252 
10 258 
10 260 
10 265 
10 288 
10 292 
10 299 
10 321 
10 349 
10 383 
10 406 
10 408 
11 81 
11 86 
11 87 
11 125 
11 143 
11 149 
11 173 
11 210 
11 285 
11 293 
11 326 
11 352 
11 380 
11 413 
11 423 
11 429 
11 437 
12 33 
12 77 
12 79 
12 89 
12 128 
12 133 
12 146 
12 164 
12 183 
12 190 
12 200 
12 206 
12 223 
12 224 
12 233 
12 246 
12 289 
12 292 
12 295 
12 393 
12 414 
12 441 
12 453 
12 497 
12 500 
13 22 
13 26 
13 51 
13 58 
13 61 
13 73 
13 85 
13 116 
13 129 
13 147 
13 153 
13 168 
13 192 
13 220 
13 227 
13 265 
13 296 
13 308 
13 346 
14 48 
14 74 
14 75 
14 79 
14 92 
14 102 
14 104 
14 131 
14 161 
14 162 
14 214 
14 279 
14 284 
14 300 
14 302 
14 311 
14 348 
14 377 
14 411 
14 414 
14 429 
14 480 
14 486 
14 499 
15 22 
15 34 
15 38 
15 63 
15 90 
15 149 
15 161 
15 165 
15 172 
15 219 
15 227 
15 283 
15 320 
15 323 
15 325 
15 365 
15 378 
15 382 
15 385 
15 404 
15 410 
15 417 
15 433 
15 435 
15 441 
15 448 
15 453 
15 462 
15 484 
15 499 
16 44 
16 59 
16 90 
16 94 
16 146 
16 159 
16 164 
16 165 
16 205 
16 210 
16 213 
16 223 
16 279 
16 316 
16 330 
16 349 
16 357 
16 359 
16 360 
16 363 
16 374 
16 379 
16 382 
16 408 
16 410 
16 423 
16 467 
16 489 
17 26 
17 33 
17 62 
17 69 
17 97 
17 135 
17 159 
17 200 
17 204 
17 208 
17 242 
17 249 
17 292 
17 293 
17 329 
17 336 
17 375 
17 392 
17 394 
17 410 
17 414 
17 431 
17 434 
17 468 
17 474 
18 28 
18 33 
18 106 
18 160 
18 167 
18 199 
18 200 
18 290 
18 291 
18 311 
18 339 
18 345 
18 417 
18 419 
18 471 
18 481 
18 482 
18 486 
19 24 
19 30 
19 50 
19 69 
19 71 
19 94 
19 109 
19 123 
19 129 
19 152 
19 176 
19 184 
19 230 
19 231 
19 236 
19 267 
19 316 
19 325 
19 331 
19 345 
19 358 
19 366 
19 381 
19 405 
19 414 
19 440 
19 441 
20 23 
20 36 
20 38 
20 75 
20 76 
20 142 
20 189 
20 216 
20 229 
20 266 
20 304 
20 327 
20 444 
20 463 
20 471 
20 480 
20 481 
20 485 
20 489 
20 491 
21 49 
21 54 
21 113 
21 132 
21 159 
21 160 
21 177 
21 182 
21 201 
21 205 
21 247 
21 249 
21 254 
21 272 
21 315 
21 317 
21 323 
21 334 
21 343 
21 346 
21 390 
21 419 
21 445 
21 473 
21 478 
21 484 
22 48 
22 74 
22 97 
22 102 
22 148 
22 154 
22 162 
22 195 
22 219 
22 282 
22 291 
22 308 
22 312 
22 336 
22 346 
22 347 
22 348 
22 372 
22 395 
22 414 
22 446 
22 452 
22 479 
22 484 
23 29 
23 39 
23 55 
23 88 
23 103 
23 126 
23 156 
23 185 
23 251 
23 272 
23 297 
23 346 
23 417 
23 447 
23 465 
23 492 
23 498 
23 500 
24 53 
24 85 
24 130 
24 156 
24 162 
24 192 
24 198 
24 227 
24 239 
24 255 
24 274 
24 276 
24 277 
24 278 
24 288 
24 292 
24 293 
24 303 
24 362 
24 364 
24 385 
24 393 
24 408 
24 433 
24 461 
24 491 
25 31 
25 48 
25 49 
25 73 
25 81 
25 92 
25 97 
25 138 
25 169 
25 207 
25 221 
25 238 
25 241 
25 245 
25 252 
25 261 
25 263 
25 278 
25 285 
25 289 
25 310 
25 316 
25 321 
25 347 
25 351 
25 415 
25 476 
25 498 
26 54 
26 56 
26 66 
26 91 
26 121 
26 134 
26 165 
26 170 
26 188 
26 227 
26 266 
26 288 
26 316 
26 326 
26 353 
26 384 
26 387 
26 388 
26 403 
26 410 
26 437 
26 438 
26 441 
26 467 
26 484 
26 499 
27 43 
27 48 
27 116 
27 137 
27 184 
27 188 
27 190 
27 222 
27 237 
27 240 
27 243 
27 244 
27 258 
27 267 
27 272 
27 278 
27 290 
27 312 
27 325 
27 334 
27 451 
27 453 
27 479 
27 497 
28 33 
28 61 
28 99 
28 119 
28 124 
28 138 
28 144 
28 164 
28 169 
28 175 
28 202 
28 216 
28 266 
28 272 
28 283 
28 293 
28 298 
28 301 
28 338 
28 354 
28 366 
28 423 
28 442 
28 461 
28 463 
28 464 
28 469 
29 34 
29 58 
29 67 
29 77 
29 79 
29 93 
29 106 
29 147 
29 174 
29 191 
29 259 
29 265 
29 268 
29 270 
29 352 
29 369 
29 423 
30 39 
30 44 
30 57 
30 93 
30 155 
30 160 
30 197 
30 212 
30 232 
30 287 
30 288 
30 303 
30 377 
30 383 
30 388 
30 413 
30 483 
30 493 
31 56 
31 64 
31 82 
31 127 
31 143 
31 144 
31 162 
31 182 
31 228 
31 263 
31 341 
31 347 
31 352 
31 359 
31 366 
31 403 
31 405 
31 410 
31 425 
31 429 
31 436 
31 450 
31 464 
31 492 
32 37 
32 39 
32 46 
32 47 
32 72 
32 87 
32 117 
32 153 
32 170 
32 203 
32 209 
32 226 
32 237 
32 255 
32 260 
32 300 
32 303 
32 323 
32 350 
32 366 
32 377 
32 388 
32 452 
32 483 
33 44 
33 45 
33 47 
33 79 
33 115 
33 128 
33 153 
33 158 
33 181 
33 207 
33 220 
33 236 
33 247 
33 274 
33 276 
33 277 
33 289 
33 298 
33 303 
33 384 
33 403 
33 407 
33 410 
33 433 
33 442 
34 41 
34 60 
34 88 
34 92 
34 93 
34 95 
34 98 
34 118 
34 122 
34 143 
34 145 
34 163 
34 205 
34 216 
34 242 
34 255 
34 273 
34 276 
34 388 
34 427 
34 428 
34 437 
34 471 
35 78 
35 90 
35 152 
35 153 
35 159 
35 160 
35 216 
35 224 
35 235 
35 237 
35 251 
35 256 
35 288 
35 320 
35 378 
35 409 
35 412 
35 432 
35 469 
35 495 
36 45 
36 66 
36 69 
36 81 
36 131 
36 156 
36 181 
36 200 
36 207 
36 218 
36 224 
36 280 
36 311 
36 400 
36 401 
36 441 
36 446 
36 473 
36 491 
36 498 
37 43 
37 51 
37 72 
37 98 
37 100 
37 116 
37 167 
37 178 
37 184 
37 220 
37 236 
37 240 
37 242 
37 246 
37 252 
37 268 
37 280 
37 295 
37 314 
37 339 
37 387 
37 394 
37 398 
37 400 
37 429 
37 478 
37 480 
38 50 
38 67 
38 72 
38 98 
38 110 
38 122 
38 150 
38 154 
38 198 
38 202 
38 204 
38 209 
38 210 
38 213 
38 225 
38 226 
38 236 
38 248 
38 288 
38 290 
38 299 
38 303 
38 345 
38 379 
38 396 
38 412 
38 449 
38 472 
39 75 
39 82 
39 102 
39 105 
39 117 
39 139 
39 141 
39 142 
39 148 
39 162 
39 191 
39 199 
39 206 
39 216 
39 264 
39 265 
39 271 
39 275 
39 284 
39 359 
39 361 
39 385 
39 407 
39 419 
39 426 
39 464 
40 46 
40 81 
40 95 
40 145 
40 153 
40 154 
40 161 
40 164 
40 166 
40 179 
40 207 
40 210 
40 225 
40 229 
40 248 
40 250 
40 263 
40 280 
40 320 
40 329 
40 336 
40 379 
40 391 
40 406 
40 414 
40 416 
40 431 
40 433 
40 455 
40 464 
40 474 
40 489 
41 44 
41 68 
41 90 
41 114 
41 124 
41 129 
41 131 
41 164 
41 167 
41 212 
41 219 
41 220 
41 291 
41 310 
41 313 
41 332 
41 351 
41 358 
41 365 
41 422 
41 424 
41 441 
41 468 
42 103 
42 126 
42 193 
42 244 
42 252 
42 261 
42 273 
42 286 
42 295 
42 326 
42 338 
42 342 
42 365 
42 406 
42 431 
42 487 
42 492 
42 499 
43 50 
43 60 
43 73 
43 84 
43 85 
43 100 
43 116 
43 197 
43 244 
43 259 
43 286 
43 294 
43 298 
43 309 
43 348 
43 349 
43 353 
43 397 
43 401 
43 492 
44 59 
44 79 
44 106 
44 126 
44 127 
44 185 
44 197 
44 200 
44 305 
44 306 
44 310 
44 333 
44 337 
44 344 
44 387 
44 389 
44 402 
44 472 
45 46 
45 61 
45 69 
45 73 
45 77 
45 87 
45 95 
45 110 
45 133 
45 134 
45 187 
45 253 
45 321 
45 332 
45 354 
45 367 
45 370 
45 388 
45 410 
45 419 
45 439 
45 446 
45 450 
45 458 
45 470 
45 472 
45 484 
45 485 
45 493 
46 48 
46 53 
46 121 
46 130 
46 148 
46 161 
46 168 
46 205 
46 264 
46 298 
46 305 
46 316 
46 323 
46 343 
46 351 
46 428 
46 434 
46 444 
46 460 
46 492 
46 493 
47 79 
47 90 
47 115 
47 116 
47 149 
47 169 
47 179 
47 183 
47 191 
47 203 
47 267 
47 272 
47 289 
47 305 
47 315 
47 317 
47 348 
47 386 
47 390 
47 399 
47 411 
47 413 
47 438 
47 449 
47 479 
48 71 
48 101 
48 139 
48 168 
48 179 
48 246 
48 275 
48 293 
48 308 
48 311 
48 336 
48 413 
48 422 
48 425 
48 433 
48 439 
48 486 
48 490 
49 58 
49 67 
49 73 
49 75 
49 99 
49 108 
49 115 
49 121 
49 197 
49 239 
49 265 
49 270 
49 295 
49 308 
49 349 
49 380 
49 398 
49 416 
49 427 
49 495 
50 88 
50 93 
50 101 
50 109 
50 139 
50 185 
50 194 
50 208 
50 217 
50 219 
50 240 
50 281 
50 296 
50 297 
50 305 
50 319 
50 337 
50 364 
50 381 
50 386 
50 388 
50 472 
50 479 
50 490 
50 491 
51 58 
51 94 
51 157 
51 267 
51 279 
51 354 
51 359 
51 371 
51 410 
51 475 
51 487 
52 62 
52 98 
52 120 
52 123 
52 125 
52 155 
52 157 
52 158 
52 180 
52 233 
52 242 
52 243 
52 249 
52 318 
52 350 
52 353 
52 381 
52 392 
52 413 
52 423 
52 429 
53 63 
53 74 
53 149 
53 156 
53 163 
53 166 
53 167 
53 197 
53 201 
53 221 
53 223 
53 236 
53 292 
53 301 
53 317 
53 328 
53 371 
53 375 
53 377 
53 415 
53 439 
53 440 
53 494 
53 496 
54 64 
54 73 
54 89 
54 129 
54 143 
54 181 
54 184 
54 198 
54 202 
54 235 
54 245 
54 262 
54 267 
54 307 
54 320 
54 330 
54 348 
54 370 
54 392 
54 398 
54 407 
54 415 
54 418 
54 434 
54 444 
54 477 
54 487 
55 74 
55 78 
55 80 
55 83 
55 103 
55 126 
55 129 
55 132 
55 158 
55 180 
55 186 
55 206 
55 208 
55 222 
55 224 
55 252 
55 306 
55 309 
55 312 
55 313 
55 331 
55 364 
55 378 
55 382 
55 391 
55 393 
55 410 
55 420 
55 422 
56 57 
56 79 
56 84 
56 94 
56 134 
56 138 
56 142 
56 152 
56 160 
56 164 
56 192 
56 195 
56 250 
56 284 
56 328 
56 332 
56 350 
56 361 
56 369 
56 401 
56 427 
56 428 
56 439 
56 459 
56 462 
56 466 
56 497 
57 138 
57 160 
57 165 
57 204 
57 205 
57 236 
57 254 
57 280 
57 326 
57 333 
57 335 
57 354 
57 356 
57 367 
57 403 
57 427 
57 455 
57 478 
57 487 
57 495 
58 77 
58 106 
58 124 
58 157 
58 179 
58 192 
58 200 
58 205 
58 210 
58 223 
58 261 
58 268 
58 270 
58 279 
58 307 
58 331 
58 334 
58 382 
58 397 
58 401 
58 421 
58 451 
58 473 
58 480 
58 498 
59 105 
59 165 
59 229 
59 260 
59 324 
59 336 
59 354 
59 367 
59 378 
59 382 
59 407 
59 422 
59 446 
59 454 
59 459 
59 484 
60 66 
60 69 
60 206 
60 225 
60 289 
60 318 
60 319 
60 342 
60 357 
60 382 
60 384 
60 386 
60 401 
60 429 
60 443 
60 477 
61 72 
61 78 
61 103 
61 121 
61 146 
61 149 
61 157 
61 188 
61 227 
61 237 
61 315 
61 371 
61 452 
62 82 
62 106 
62 114 
62 117 
62 167 
62 223 
62 284 
62 290 
62 335 
62 341 
62 342 
62 361 
62 372 
62 380 
62 396 
62 397 
62 403 
62 417 
62 424 
62 477 
63 93 
63 101 
63 111 
63 148 
63 166 
63 200 
63 207 
63 215 
63 219 
63 239 
63 244 
63 255 
63 278 
63 300 
63 314 
63 320 
63 354 
63 394 
63 431 
63 442 
63 476 
63 494 
63 499 
64 74 
64 75 
64 95 
64 108 
64 111 
64 117 
64 178 
64 191 
64 192 
64 194 
64 195 
64 210 
64 211 
64 222 
64 281 
64 297 
64 305 
64 317 
64 342 
64 389 
64 401 
64 437 
64 497 
65 67 
65 81 
65 82 
65 94 
65 128 
65 136 
65 191 
65 199 
65 226 
65 273 
65 282 
65 286 
65 346 
65 368 
65 414 
65 415 
65 416 
65 458 
65 468 
65 474 
65 498 
66 92 
66 103 
66 105 
66 109 
66 143 
66 181 
66 184 
66 204 
66 226 
66 235 
66 247 
66 255 
66 256 
66 274 
66 282 
66 283 
66 284 
66 328 
66 331 
66 349 
66 403 
66 416 
66 439 
66 448 
66 460 
66 469 
66 470 
67 68 
67 81 
67 93 
67 119 
67 134 
67 146 
67 149 
67 163 
67 193 
67 206 
67 290 
67 293 
67 297 
67 312 
67 314 
67 317 
67 333 
67 385 
67 398 
67 410 
67 415 
67 436 
67 440 
67 451 
67 455 
67 481 
67 484 
68 94 
68 101 
68 103 
68 113 
68 126 
68 133 
68 140 
68 150 
68 161 
68 171 
68 174 
68 198 
68 222 
68 291 
68 309 
68 350 
68 364 
68 369 
68 383 
68 446 
68 470 
68 485 
69 133 
69 136 
69 137 
69 194 
69 199 
69 226 
69 235 
69 248 
69 249 
69 299 
69 313 
69 339 
69 341 
69 344 
69 352 
69 366 
69 380 
69 388 
69 423 
69 425 
69 432 
69 452 
69 464 
69 470 
69 493 
70 96 
70 144 
70 182 
70 186 
70 193 
70 282 
70 293 
70 297 
70 322 
70 328 
70 334 
70 348 
70 383 
70 428 
70 452 
70 459 
70 471 
70 472 
70 480 
70 496 
71 134 
71 135 
71 147 
71 159 
71 164 
71 199 
71 211 
71 218 
71 250 
71 263 
71 347 
71 362 
71 387 
71 408 
71 429 
71 443 
71 492 
72 88 
72 114 
72 119 
72 123 
72 150 
72 158 
72 193 
72 219 
72 251 
72 253 
72 274 
72 289 
72 291 
72 305 
72 313 
72 353 
72 358 
72 364 
72 455 
72 479 
72 482 
73 94 
73 119 
73 122 
73 128 
73 138 
73 192 
73 194 
73 197 
73 198 
73 202 
73 230 
73 244 
73 248 
73 273 
73 299 
73 302 
73 320 
73 334 
73 335 
73 346 
73 355 
73 357 
73 358 
73 377 
73 411 
73 432 
73 450 
73 457 
73 462 
73 475 
74 95 
74 99 
74 100 
74 147 
74 153 
74 160 
74 162 
74 174 
74 208 
74 210 
74 218 
74 243 
74 253 
74 296 
74 314 
74 347 
74 374 
74 386 
74 394 
74 426 
74 452 
74 474 
74 477 
75 89 
75 197 
75 226 
75 238 
75 240 
75 257 
75 259 
75 269 
75 281 
75 298 
75 310 
75 350 
75 352 
75 382 
75 399 
75 413 
75 432 
75 462 
75 466 
75 467 
75 489 
76 81 
76 93 
76 96 
76 105 
76 129 
76 137 
76 170 
76 184 
76 187 
76 203 
76 263 
76 268 
76 293 
76 318 
76 362 
76 366 
76 388 
76 435 
76 459 
76 460 
76 470 
76 486 
77 81 
77 95 
77 109 
77 161 
77 167 
77 184 
77 224 
77 226 
77 234 
77 247 
77 255 
77 269 
77 275 
77 283 
77 293 
77 306 
77 336 
77 350 
77 352 
77 355 
77 381 
77 392 
77 407 
77 443 
77 453 
77 484 
78 92 
78 94 
78 95 
78 101 
78 104 
78 155 
78 163 
78 184 
78 198 
78 205 
78 208 
78 210 
78 248 
78 262 
78 272 
78 286 
78 293 
78 295 
78 303 
78 312 
78 318 
78 341 
78 365 
78 374 
78 401 
78 406 
78 437 
78 458 
78 468 
78 477 
78 486 
78 488 
78 492 
79 103 
79 186 
79 188 
79 190 
79 192 
79 195 
79 201 
79 235 
79 237 
79 252 
79 289 
79 301 
79 305 
79 375 
79 386 
79 420 
79 423 
79 447 
79 453 
79 469 
80 124 
80 140 
80 148 
80 184 
80 322 
80 325 
80 373 
80 413 
80 415 
80 439 
80 441 
81 83 
81 98 
81 110 
81 128 
81 167 
81 179 
81 188 
81 194 
81 207 
81 243 
81 281 
81 291 
81 304 
81 324 
81 338 
81 340 
81 378 
81 383 
81 397 
81 401 
81 402 
81 403 
81 427 
81 441 
81 442 
81 452 
81 492 
81 495 
82 97 
82 115 
82 119 
82 128 
82 132 
82 165 
82 233 
82 242 
82 268 
82 269 
82 273 
82 294 
82 299 
82 370 
82 397 
82 405 
82 406 
82 408 
82 416 
82 425 
82 438 
82 449 
82 468 
82 490 
83 95 
83 126 
83 139 
83 152 
83 155 
83 174 
83 179 
83 192 
83 251 
83 262 
83 274 
83 295 
83 306 
83 307 
83 318 
83 333 
83 339 
83 406 
83 414 
83 434 
83 445 
83 450 
83 464 
83 484 
83 485 
84 95 
84 98 
84 159 
84 188 
84 202 
84 205 
84 220 
84 224 
84 227 
84 247 
84 255 
84 261 
84 287 
84 321 
84 334 
84 364 
84 389 
84 398 
84 424 
84 433 
84 436 
84 447 
84 457 
84 498 
85 88 
85 122 
85 148 
85 158 
85 191 
85 222 
85 233 
85 240 
85 248 
85 251 
85 276 
85 284 
85 286 
85 295 
85 299 
85 302 
85 319 
85 334 
85 347 
85 372 
85 447 
85 456 
86 103 
86 121 
86 131 
86 196 
86 205 
86 251 
86 288 
86 310 
86 323 
86 362 
86 377 
86 391 
86 409 
86 424 
86 443 
86 459 
86 460 
86 462 
86 479 
86 493 
87 114 
87 119 
87 129 
87 130 
87 149 
87 166 
87 190 
87 197 
87 200 
87 203 
87 227 
87 234 
87 240 
87 269 
87 286 
87 358 
87 377 
87 424 
87 427 
87 434 
87 438 
87 444 
87 452 
87 457 
87 472 
87 493 
88 93 
88 98 
88 123 
88 165 
88 199 
88 203 
88 227 
88 234 
88 263 
88 267 
88 292 
88 321 
88 354 
88 388 
88 389 
88 391 
88 401 
88 402 
88 412 
88 438 
88 445 
88 456 
88 457 
88 460 
88 478 
89 116 
89 138 
89 143 
89 166 
89 174 
89 184 
89 215 
89 248 
89 280 
89 316 
89 356 
89 381 
89 441 
89 467 
89 478 
89 484 
89 496 
90 141 
90 151 
90 189 
90 190 
90 227 
90 231 
90 301 
90 337 
90 365 
90 367 
90 375 
90 433 
90 452 
90 478 
91 105 
91 165 
91 177 
91 192 
91 194 
91 211 
91 244 
91 246 
91 290 
91 292 
91 326 
91 344 
91 366 
91 384 
91 423 
91 432 
91 442 
91 451 
91 476 
92 145 
92 174 
92 175 
92 244 
92 253 
92 281 
92 302 
92 303 
92 309 
92 313 
92 354 
92 358 
92 363 
92 375 
92 390 
92 470 
93 104 
93 105 
93 111 
93 139 
93 144 
93 222 
93 250 
93 252 
93 266 
93 312 
93 348 
93 359 
93 361 
93 427 
93 447 
93 450 
93 454 
93 461 
93 468 
93 472 
94 104 
94 131 
94 143 
94 167 
94 217 
94 283 
94 288 
94 353 
94 372 
94 373 
94 376 
94 401 
94 430 
94 448 
94 472 
95 101 
95 209 
95 238 
95 252 
95 259 
95 267 
95 268 
95 269 
95 275 
95 276 
95 311 
95 325 
95 335 
95 353 
95 370 
95 394 
95 418 
95 462 
95 465 
95 473 
95 480 
95 482 
95 486 
96 99 
96 139 
96 141 
96 248 
96 250 
96 280 
96 285 
96 293 
96 299 
96 304 
96 331 
96 335 
96 348 
96 352 
96 361 
96 371 
96 388 
96 393 
96 420 
96 427 
96 435 
96 471 
96 498 
97 99 
97 150 
97 177 
97 226 
97 229 
97 241 
97 255 
97 262 
97 265 
97 277 
97 299 
97 352 
97 356 
97 357 
97 419 
97 423 
97 456 
98 113 
98 121 
98 162 
98 169 
98 175 
98 189 
98 215 
98 241 
98 303 
98 334 
98 351 
98 353 
98 412 
98 428 
98 439 
98 443 
98 460 
98 470 
98 492 
99 118 
99 130 
99 142 
99 181 
99 260 
99 318 
99 343 
99 354 
99 364 
99 410 
99 446 
99 450 
99 462 
99 466 
99 495 
99 498 
100 132 
100 136 
100 185 
100 189 
100 221 
100 223 
100 383 
100 406 
100 438 
100 446 
101 114 
101 119 
101 124 
101 172 
101 193 
101 215 
101 230 
101 270 
101 281 
101 311 
101 324 
101 329 
101 365 
101 413 
101 440 
101 457 
101 465 
101 469 
101 472 
102 117 
102 126 
102 146 
102 150 
102 157 
102 168 
102 169 
102 193 
102 204 
102 211 
102 225 
102 257 
102 259 
102 263 
102 301 
102 333 
102 352 
102 410 
102 428 
102 442 
102 457 
102 467 
103 107 
103 108 
103 112 
103 122 
103 153 
103 169 
103 209 
103 212 
103 267 
103 291 
103 294 
103 299 
103 318 
103 324 
103 335 
103 402 
103 444 
103 469 
104 105 
104 109 
104 110 
104 167 
104 228 
104 236 
104 262 
104 270 
104 274 
104 290 
104 298 
104 302 
104 364 
104 397 
104 400 
104 430 
104 442 
104 475 
104 485 
105 114 
105 136 
105 140 
105 170 
105 174 
105 197 
105 248 
105 251 
105 254 
105 259 
105 283 
105 311 
105 313 
105 323 
105 341 
105 356 
105 367 
105 414 
105 437 
105 446 
105 460 
105 487 
105 498 
106 119 
106 126 
106 140 
106 141 
106 144 
106 149 
106 158 
106 193 
106 233 
106 271 
106 301 
106 322 
106 332 
106 340 
106 398 
106 425 
106 460 
106 461 
106 475 
106 479 
106 492 
107 136 
107 146 
107 181 
107 202 
107 246 
107 295 
107 299 
107 304 
107 328 
107 329 
107 361 
107 376 
107 420 
107 450 
107 465 
107 467 
107 472 
107 487 
107 489 
107 492 
108 132 
108 153 
108 169 
108 182 
108 183 
108 198 
108 231 
108 236 
108 237 
108 283 
108 313 
108 339 
108 415 
108 426 
108 429 
108 486 
109 137 
109 157 
109 159 
109 187 
109 194 
109 205 
109 218 
109 242 
109 271 
109 303 
109 321 
109 408 
109 483 
109 488 
110 114 
110 119 
110 149 
110 177 
110 188 
110 204 
110 255 
110 269 
110 292 
110 296 
110 307 
110 316 
110 332 
110 339 
110 363 
110 384 
110 394 
110 434 
110 435 
111 136 
111 154 
111 178 
111 195 
111 248 
111 265 
111 279 
111 291 
111 327 
111 328 
111 331 
111 340 
111 355 
111 382 
111 393 
111 410 
111 412 
111 416 
111 417 
111 440 
111 462 
111 497 
112 121 
112 130 
112 135 
112 158 
112 209 
112 216 
112 232 
112 242 
112 248 
112 292 
112 321 
112 380 
112 389 
112 392 
112 394 
112 399 
112 403 
112 412 
112 447 
112 451 
112 471 
112 476 
113 123 
113 133 
113 158 
113 179 
113 180 
113 192 
113 201 
113 219 
113 221 
113 228 
113 231 
113 281 
113 282 
113 319 
113 340 
113 344 
113 346 
113 350 
113 359 
113 374 
113 379 
113 408 
113 420 
113 427 
113 461 
113 475 
114 148 
114 153 
114 167 
114 170 
114 177 
114 201 
114 202 
114 210 
114 254 
114 259 
114 316 
114 356 
114 386 
114 397 
114 407 
114 423 
114 437 
114 447 
114 455 
115 119 
115 179 
115 202 
115 256 
115 276 
115 357 
115 363 
115 377 
115 385 
115 389 
115 446 
115 465 
115 469 
115 476 
115 492 
115 495 
115 498 
116 121 
116 128 
116 141 
116 159 
116 180 
116 183 
116 206 
116 237 
116 248 
116 250 
116 252 
116 288 
116 297 
116 324 
116 340 
116 404 
116 406 
116 417 
116 428 
116 453 
116 455 
116 459 
116 476 
117 165 
117 173 
117 205 
117 219 
117 241 
117 278 
117 282 
117 296 
117 310 
117 365 
117 388 
117 389 
117 402 
117 420 
117 427 
117 445 
117 466 
117 467 
117 484 
117 495 
117 499 
118 125 
118 152 
118 176 
118 183 
118 184 
118 200 
118 218 
118 226 
118 231 
118 243 
118 257 
118 270 
118 273 
118 282 
118 290 
118 299 
118 307 
118 313 
118 351 
118 356 
118 360 
118 372 
118 374 
118 377 
118 379 
118 382 
118 384 
118 389 
118 393 
118 451 
119 169 
119 182 
119 207 
119 221 
119 245 
119 280 
119 285 
119 296 
119 340 
119 446 
119 451 
119 472 
119 482 
119 494 
119 498 
119 500 
120 138 
120 151 
120 161 
120 169 
120 180 
120 189 
120 194 
120 205 
120 256 
120 291 
120 293 
120 294 
120 302 
120 305 
120 328 
120 341 
120 354 
120 395 
120 419 
120 467 
121 139 
121 189 
121 199 
121 225 
121 228 
121 229 
121 240 
121 258 
121 263 
121 264 
121 277 
121 314 
121 346 
121 397 
121 428 
121 443 
121 449 
121 479 
121 486 
122 144 
122 154 
122 165 
122 196 
122 214 
122 218 
122 255 
122 260 
122 272 
122 280 
122 291 
122 295 
122 354 
122 381 
122 385 
122 429 
122 431 
122 436 
122 468 
122 483 
122 499 
123 132 
123 136 
123 154 
123 164 
123 168 
123 175 
123 182 
123 199 
123 202 
123 224 
123 226 
123 243 
123 261 
123 298 
123 300 
123 320 
123 323 
123 329 
123 356 
123 395 
123 398 
123 405 
123 425 
123 445 
123 447 
123 474 
123 478 
124 132 
124 173 
124 222 
124 228 
124 233 
124 277 
124 341 
124 359 
124 367 
124 395 
124 404 
124 457 
125 135 
125 139 
125 175 
125 200 
125 222 
125 223 
125 264 
125 269 
125 278 
125 285 
125 295 
125 306 
125 321 
125 367 
125 380 
125 410 
125 428 
125 435 
125 438 
125 439 
125 457 
125 459 
125 496 
126 173 
126 196 
126 204 
126 212 
126 223 
126 228 
126 233 
126 257 
126 267 
126 268 
126 289 
126 321 
126 330 
126 334 
126 373 
126 403 
126 404 
126 419 
126 426 
126 429 
126 444 
126 449 
126 453 
126 479 
127 150 
127 210 
127 218 
127 225 
127 227 
127 257 
127 260 
127 270 
127 308 
127 313 
127 340 
127 363 
127 388 
127 390 
127 399 
127 406 
127 459 
127 481 
128 161 
128 173 
128 180 
128 199 
128 228 
128 293 
128 319 
128 321 
128 337 
128 380 
128 383 
128 396 
128 473 
128 482 
128 496 
129 157 
129 228 
129 340 
129 341 
129 372 
129 405 
129 456 
129 464 
129 474 
129 485 
130 141 
130 164 
130 174 
130 183 
130 217 
130 222 
130 276 
130 279 
130 288 
130 295 
130 324 
130 350 
130 453 
130 468 
131 176 
131 178 
131 205 
131 208 
131 236 
131 239 
131 247 
131 286 
131 363 
131 372 
131 403 
131 460 
131 468 
131 480 
132 142 
132 153 
132 158 
132 207 
132 231 
132 235 
132 299 
132 325 
132 359 
132 406 
132 416 
132 425 
132 433 
132 449 
132 481 
133 142 
133 146 
133 160 
133 162 
133 167 
133 168 
133 203 
133 220 
133 252 
133 288 
133 323 
133 334 
133 348 
133 352 
133 355 
133 382 
133 408 
133 412 
133 427 
133 430 
133 459 
133 497 
133 498 
134 166 
134 192 
134 219 
134 224 
134 246 
134 260 
134 306 
134 324 
134 380 
134 383 
134 389 
134 394 
134 442 
134 443 
134 446 
134 474 
134 482 
135 181 
135 200 
135 211 
135 273 
135 288 
135 314 
135 345 
135 370 
135 421 
135 423 
135 429 
135 434 
135 489 
136 170 
136 172 
136 214 
136 264 
136 272 
136 292 
136 304 
136 351 
136 357 
136 360 
136 365 
136 396 
136 448 
136 465 
136 484 
137 182 
137 184 
137 228 
137 231 
137 241 
137 247 
137 268 
137 275 
137 282 
137 284 
137 299 
137 308 
137 357 
137 367 
137 369 
137 399 
137 431 
137 442 
137 460 
137 478 
137 487 
137 491 
137 499 
138 153 
138 155 
138 188 
138 206 
138 208 
138 212 
138 226 
138 231 
138 323 
138 327 
138 362 
138 380 
138 396 
138 446 
138 463 
138 480 
139 143 
139 172 
139 188 
139 192 
139 215 
139 261 
139 284 
139 297 
139 357 
139 358 
139 369 
139 445 
139 448 
139 452 
139 485 
140 150 
140 152 
140 153 
140 212 
140 259 
140 272 
140 280 
140 311 
140 334 
140 367 
140 371 
140 373 
140 433 
140 475 
140 486 
141 149 
141 162 
141 181 
141 187 
141 196 
141 201 
141 214 
141 229 
141 255 
141 312 
141 320 
141 331 
141 352 
141 355 
141 384 
141 393 
141 420 
141 434 
141 436 
141 466 
141 497 
142 158 
142 168 
142 259 
142 260 
142 261 
142 280 
142 282 
142 313 
142 339 
142 406 
142 479 
142 483 
142 497 
143 170 
143 183 
143 217 
143 222 
143 240 
143 245 
143 284 
143 294 
143 299 
143 305 
143 336 
143 339 
143 355 
143 390 
143 429 
143 431 
143 461 
143 464 
143 469 
143 481 
144 145 
144 160 
144 164 
144 177 
144 202 
144 238 
144 298 
144 315 
144 320 
144 323 
144 325 
144 326 
144 411 
144 415 
144 419 
144 447 
144 461 
144 465 
144 474 
144 479 
144 483 
144 484 
144 499 
145 147 
145 184 
145 204 
145 220 
145 242 
145 255 
145 294 
145 316 
145 326 
145 358 
145 368 
145 378 
145 379 
145 438 
145 454 
145 461 
145 488 
145 490 
145 498 
146 203 
146 277 
146 286 
146 303 
146 330 
146 347 
146 388 
146 409 
146 426 
146 439 
146 487 
147 164 
147 171 
147 174 
147 180 
147 220 
147 222 
147 277 
147 294 
147 321 
147 350 
147 354 
147 426 
147 450 
147 474 
147 480 
147 500 
148 183 
148 197 
148 202 
148 217 
148 297 
148 300 
148 309 
148 318 
148 324 
148 327 
148 336 
148 349 
148 352 
148 376 
148 387 
148 402 
148 418 
148 460 
148 466 
148 499 
149 153 
149 183 
149 212 
149 217 
149 255 
149 267 
149 285 
149 297 
149 301 
149 311 
149 315 
149 320 
149 329 
149 364 
149 377 
149 381 
149 426 
149 434 
149 482 
149 493 
150 185 
150 202 
150 203 
150 238 
150 270 
150 292 
150 310 
150 311 
150 324 
150 334 
150 353 
150 381 
150 400 
150 415 
150 498 
151 169 
151 178 
151 179 
151 203 
151 214 
151 242 
151 298 
151 329 
151 347 
151 350 
151 361 
151 368 
151 382 
151 392 
151 410 
151 446 
151 471 
151 475 
151 491 
152 228 
152 249 
152 254 
152 257 
152 273 
152 278 
152 281 
152 289 
152 309 
152 317 
152 351 
152 354 
152 367 
152 374 
152 389 
152 403 
152 420 
152 471 
152 478 
152 499 
153 183 
153 207 
153 213 
153 214 
153 215 
153 237 
153 244 
153 274 
153 281 
153 293 
153 329 
153 341 
153 360 
153 383 
153 406 
153 430 
153 467 
153 479 
153 488 
154 155 
154 181 
154 187 
154 192 
154 216 
154 227 
154 257 
154 275 
154 279 
154 280 
154 296 
154 310 
154 324 
154 339 
154 349 
154 350 
154 383 
154 386 
154 392 
154 411 
154 455 
154 464 
154 481 
154 495 
154 497 
155 175 
155 192 
155 201 
155 215 
155 242 
155 270 
155 286 
155 293 
155 301 
155 315 
155 326 
155 331 
155 341 
155 351 
155 354 
155 356 
155 378 
155 384 
155 387 
155 408 
155 410 
155 454 
155 458 
155 474 
155 483 
155 488 
155 496 
156 209 
156 242 
156 271 
156 279 
156 309 
156 334 
156 337 
156 369 
156 379 
156 402 
156 403 
156 417 
156 476 
157 189 
157 194 
157 215 
157 251 
157 270 
157 302 
157 342 
157 356 
157 363 
157 401 
157 416 
157 450 
157 459 
157 477 
158 168 
158 169 
158 200 
158 220 
158 240 
158 251 
158 259 
158 270 
158 273 
158 293 
158 311 
158 316 
158 361 
158 368 
158 372 
158 375 
158 385 
158 395 
158 440 
158 466 
158 468 
158 500 
159 174 
159 178 
159 223 
159 257 
159 261 
159 307 
159 316 
159 347 
159 357 
159 377 
159 468 
159 482 
160 174 
160 178 
160 187 
160 194 
160 208 
160 247 
160 248 
160 303 
160 304 
160 314 
160 392 
160 413 
160 477 
161 167 
161 173 
161 197 
161 219 
161 225 
161 243 
161 310 
161 337 
161 370 
161 394 
161 416 
161 421 
161 422 
161 430 
161 440 
161 459 
161 460 
161 465 
161 483 
161 491 
161 496 
162 184 
162 213 
162 264 
162 316 
162 319 
162 360 
162 364 
162 374 
162 385 
162 410 
162 429 
162 456 
162 457 
162 462 
162 485 
163 173 
163 210 
163 220 
163 232 
163 254 
163 301 
163 322 
163 324 
163 330 
163 334 
163 398 
163 440 
163 493 
164 187 
164 198 
164 208 
164 213 
164 216 
164 217 
164 242 
164 314 
164 333 
164 334 
164 357 
164 363 
164 372 
164 401 
164 422 
164 432 
164 478 
164 480 
165 167 
165 170 
165 203 
165 236 
165 296 
165 338 
165 344 
165 359 
165 373 
165 392 
165 400 
165 409 
165 433 
165 444 
165 448 
165 466 
165 474 
165 489 
166 171 
166 187 
166 199 
166 233 
166 259 
166 281 
166 283 
166 317 
166 327 
166 384 
166 392 
166 427 
166 451 
166 465 
166 473 
166 478 
167 188 
167 206 
167 208 
167 217 
167 219 
167 236 
167 273 
167 277 
167 284 
167 357 
167 360 
167 368 
167 382 
167 411 
167 443 
167 463 
167 490 
168 177 
168 182 
168 252 
168 296 
168 311 
168 348 
168 351 
168 404 
168 434 
168 454 
168 462 
168 469 
168 485 
169 184 
169 186 
169 207 
169 212 
169 218 
169 234 
169 235 
169 257 
169 259 
169 301 
169 320 
169 322 
169 362 
169 378 
169 409 
169 416 
169 439 
169 444 
170 219 
170 233 
170 259 
170 262 
170 277 
170 291 
170 314 
170 346 
170 374 
170 464 
170 474 
170 476 
171 176 
171 194 
171 207 
171 221 
171 222 
171 259 
171 265 
171 310 
171 360 
171 362 
171 380 
171 422 
171 440 
171 482 
172 215 
172 231 
172 248 
172 253 
172 267 
172 287 
172 320 
172 327 
172 341 
172 342 
172 368 
172 423 
172 437 
172 469 
172 490 
172 491 
172 493 
172 498 
173 176 
173 177 
173 182 
173 207 
173 229 
173 244 
173 249 
173 260 
173 272 
173 297 
173 305 
173 313 
173 332 
173 365 
173 380 
173 392 
173 403 
173 425 
173 440 
173 444 
173 451 
173 486 
173 489 
174 225 
174 245 
174 289 
174 293 
174 305 
174 310 
174 314 
174 376 
174 405 
174 428 
174 429 
174 443 
174 444 
174 464 
174 478 
174 479 
174 499 
175 201 
175 206 
175 215 
175 219 
175 220 
175 225 
175 245 
175 247 
175 276 
175 312 
175 362 
175 367 
175 401 
175 403 
175 444 
175 452 
175 465 
175 469 
175 470 
175 479 
176 179 
176 180 
176 195 
176 215 
176 278 
176 291 
176 310 
176 324 
176 355 
176 361 
176 398 
176 446 
176 461 
176 488 
176 499 
177 186 
177 197 
177 255 
177 257 
177 278 
177 300 
177 313 
177 352 
177 355 
177 406 
177 412 
177 420 
177 440 
177 466 
177 474 
178 200 
178 204 
178 219 
178 221 
178 225 
178 235 
178 248 
178 277 
178 284 
178 302 
178 350 
178 354 
178 373 
178 381 
178 403 
178 415 
178 416 
178 457 
178 462 
178 463 
178 471 
179 202 
179 214 
179 240 
179 253 
179 270 
179 289 
179 347 
179 374 
179 376 
179 385 
179 393 
179 405 
179 407 
179 414 
179 480 
179 483 
179 489 
179 490 
179 492 
180 182 
180 212 
180 225 
180 226 
180 232 
180 262 
180 274 
180 300 
180 303 
180 334 
180 343 
180 349 
180 364 
180 406 
180 414 
180 446 
180 451 
180 461 
180 470 
180 496 
181 190 
181 192 
181 209 
181 242 
181 249 
181 286 
181 290 
181 348 
181 376 
181 382 
181 424 
181 428 
181 435 
181 448 
181 449 
181 469 
181 476 
181 480 
181 486 
182 185 
182 195 
182 217 
182 255 
182 272 
182 287 
182 317 
182 318 
182 432 
182 449 
182 456 
182 469 
182 498 
183 217 
183 226 
183 227 
183 241 
183 260 
183 284 
183 294 
183 297 
183 333 
183 346 
183 378 
183 386 
183 390 
183 402 
183 430 
183 444 
183 451 
183 487 
183 497 
184 227 
184 240 
184 244 
184 270 
184 303 
184 306 
184 307 
184 326 
184 353 
184 384 
184 387 
184 399 
184 410 
184 429 
184 433 
184 480 
185 228 
185 230 
185 253 
185 300 
185 314 
185 350 
185 360 
185 361 
185 409 
185 436 
185 451 
185 452 
185 453 
185 469 
186 197 
186 243 
186 252 
186 263 
186 278 
186 357 
186 367 
186 373 
186 376 
186 395 
186 404 
186 410 
186 423 
186 454 
186 463 
186 492 
187 192 
187 233 
187 274 
187 293 
187 317 
187 332 
187 375 
187 386 
187 395 
187 455 
187 475 
188 198 
188 211 
188 231 
188 242 
188 251 
188 295 
188 300 
188 356 
188 358 
188 403 
188 412 
188 462 
188 478 
188 491 
189 193 
189 208 
189 222 
189 264 
189 269 
189 272 
189 292 
189 322 
189 342 
189 364 
189 411 
189 432 
189 486 
189 487 
189 493 
190 210 
190 256 
190 282 
190 302 
190 308 
190 316 
190 334 
190 341 
190 343 
190 368 
190 377 
190 408 
190 410 
190 434 
191 201 
191 261 
191 267 
191 289 
191 304 
191 355 
191 372 
191 382 
191 385 
191 386 
191 388 
191 407 
191 411 
191 426 
191 449 
191 455 
191 477 
191 485 
191 488 
192 201 
192 216 
192 232 
192 251 
192 292 
192 293 
192 300 
192 306 
192 321 
192 330 
192 335 
192 352 
192 407 
192 421 
192 443 
192 447 
193 195 
193 199 
193 203 
193 294 
193 302 
193 323 
193 345 
193 350 
193 361 
193 386 
193 400 
193 414 
193 429 
193 430 
193 433 
193 438 
193 459 
193 482 
194 220 
194 222 
194 227 
194 229 
194 239 
194 241 
194 253 
194 278 
194 279 
194 309 
194 352 
194 401 
194 409 
194 414 
194 432 
194 433 
194 453 
194 467 
194 485 
195 228 
195 236 
195 247 
195 270 
195 278 
195 302 
195 327 
195 331 
195 351 
195 391 
195 393 
195 412 
195 416 
195 424 
195 426 
195 438 
195 448 
196 208 
196 226 
196 227 
196 258 
196 260 
196 319 
196 334 
196 374 
196 385 
196 407 
196 460 
196 479 
197 208 
197 214 
197 234 
197 272 
197 282 
197 319 
197 355 
197 357 
197 388 
197 396 
197 399 
197 408 
197 426 
197 447 
197 466 
197 478 
198 225 
198 228 
198 247 
198 262 
198 325 
198 327 
198 365 
198 393 
198 422 
198 438 
198 444 
198 449 
198 479 
198 491 
199 201 
199 222 
199 225 
199 241 
199 294 
199 305 
199 321 
199 381 
199 398 
199 403 
199 404 
199 414 
199 433 
199 434 
199 458 
199 465 
199 492 
200 258 
200 263 
200 279 
200 312 
200 342 
200 356 
200 393 
200 434 
200 437 
200 444 
200 476 
201 237 
201 244 
201 250 
201 265 
201 287 
201 288 
201 300 
201 358 
201 374 
201 410 
201 433 
201 468 
201 474 
201 492 
202 206 
202 239 
202 250 
202 264 
202 268 
202 285 
202 308 
202 321 
202 373 
202 398 
202 403 
202 423 
202 485 
202 487 
202 495 
203 205 
203 237 
203 242 
203 265 
203 269 
203 270 
203 286 
203 380 
203 381 
203 387 
203 441 
203 483 
203 500 
204 215 
204 229 
204 238 
204 262 
204 264 
204 265 
204 286 
204 316 
204 344 
204 365 
204 385 
204 390 
204 396 
204 410 
204 417 
204 446 
204 471 
204 474 
205 209 
205 211 
205 235 
205 250 
205 270 
205 289 
205 323 
205 333 
205 336 
205 397 
205 402 
205 427 
205 439 
205 440 
205 456 
205 457 
205 467 
205 473 
205 480 
205 490 
206 221 
206 231 
206 310 
206 319 
206 336 
206 345 
206 364 
206 381 
206 389 
206 406 
206 432 
206 482 
206 490 
206 494 
207 232 
207 250 
207 264 
207 269 
207 273 
207 276 
207 333 
207 357 
207 372 
207 376 
207 396 
207 449 
207 456 
207 463 
207 495 
208 241 
208 296 
208 307 
208 330 
208 343 
208 387 
208 423 
208 434 
208 448 
208 463 
209 213 
209 224 
209 240 
209 249 
209 274 
209 277 
209 283 
209 372 
209 424 
209 433 
209 437 
209 448 
209 452 
209 465 
209 470 
210 211 
210 212 
210 230 
210 234 
210 261 
210 263 
210 304 
210 323 
210 385 
210 392 
210 406 
210 409 
210 434 
210 475 
210 500 
211 220 
211 221 
211 253 
211 265 
211 267 
211 289 
211 322 
211 351 
211 355 
211 360 
211 369 
211 376 
211 398 
211 415 
211 454 
211 474 
211 481 
211 493 
212 220 
212 232 
212 275 
212 316 
212 317 
212 337 
212 415 
212 443 
213 226 
213 247 
213 337 
213 338 
213 351 
213 381 
213 431 
213 476 
214 291 
214 329 
214 335 
214 375 
214 381 
214 382 
214 386 
214 404 
214 457 
214 463 
214 470 
214 488 
214 497 
215 253 
215 280 
215 299 
215 313 
215 317 
215 318 
215 342 
215 369 
215 407 
215 443 
215 447 
215 493 
216 264 
216 276 
216 283 
216 295 
216 300 
216 301 
216 331 
216 340 
216 348 
216 358 
216 359 
216 372 
216 399 
216 406 
216 409 
216 418 
216 426 
216 495 
217 221 
217 265 
217 306 
217 308 
217 317 
217 346 
217 394 
217 419 
217 442 
217 497 
217 498 
218 223 
218 255 
218 275 
218 278 
218 282 
218 330 
218 454 
218 470 
218 489 
218 493 
218 498 
219 268 
219 283 
219 284 
219 285 
219 303 
219 326 
219 340 
219 372 
219 391 
219 392 
219 434 
219 447 
219 469 
219 481 
220 222 
220 247 
220 383 
220 411 
220 412 
220 416 
220 432 
220 453 
220 473 
221 280 
221 336 
221 348 
221 373 
221 380 
221 456 
221 474 
221 496 
221 497 
222 246 
222 361 
222 405 
222 414 
222 420 
222 437 
222 440 
223 235 
223 248 
223 257 
223 272 
223 294 
223 297 
223 345 
223 419 
223 428 
223 462 
223 489 
224 235 
224 252 
224 253 
224 254 
224 287 
224 328 
224 372 
224 386 
224 432 
224 467 
224 479 
224 494 
225 252 
225 270 
225 282 
225 312 
225 340 
225 357 
225 384 
225 395 
225 404 
225 423 
225 430 
225 453 
225 455 
225 464 
225 470 
225 481 
225 488 
226 234 
226 238 
226 242 
226 258 
226 269 
226 345 
226 351 
226 365 
226 385 
226 401 
226 403 
226 449 
226 477 
226 487 
227 229 
227 233 
227 268 
227 312 
227 333 
227 334 
227 335 
227 346 
227 361 
227 364 
227 400 
227 408 
227 413 
227 426 
227 428 
227 434 
227 451 
228 235 
228 236 
228 253 
228 279 
228 284 
228 294 
228 301 
228 311 
228 314 
228 318 
228 322 
228 362 
228 373 
228 380 
228 412 
228 473 
228 487 
229 235 
229 247 
229 263 
229 272 
229 312 
229 324 
229 349 
229 350 
229 357 
229 377 
229 392 
229 402 
229 431 
229 432 
229 443 
229 457 
230 231 
230 235 
230 238 
230 258 
230 260 
230 299 
230 330 
230 417 
230 418 
230 452 
230 458 
230 492 
231 251 
231 283 
231 298 
231 304 
231 308 
231 318 
231 337 
231 342 
231 406 
231 438 
231 442 
231 454 
231 485 
231 493 
232 278 
232 284 
232 292 
232 298 
232 322 
232 330 
232 394 
232 403 
232 421 
232 423 
232 500 
233 237 
233 251 
233 297 
233 315 
233 323 
233 324 
233 330 
233 333 
233 363 
233 389 
233 402 
233 405 
233 430 
233 432 
233 434 
233 500 
234 240 
234 263 
234 286 
234 393 
234 419 
234 452 
234 461 
234 495 
235 243 
235 281 
235 282 
235 293 
235 303 
235 350 
235 367 
235 390 
235 403 
235 468 
235 482 
235 494 
236 238 
236 276 
236 281 
236 282 
236 285 
236 287 
236 324 
236 348 
236 354 
236 374 
236 376 
236 419 
236 460 
236 468 
236 470 
236 496 
237 249 
237 261 
237 271 
237 273 
237 282 
237 317 
237 338 
237 371 
237 398 
237 433 
237 471 
237 479 
237 482 
237 490 
238 245 
238 295 
238 296 
238 301 
238 310 
238 352 
238 375 
238 378 
238 393 
238 405 
238 433 
238 442 
238 482 
239 275 
239 293 
239 398 
239 474 
239 496 
240 269 
240 271 
240 295 
240 304 
240 312 
240 335 
240 344 
240 350 
240 410 
240 415 
240 429 
240 445 
240 452 
240 467 
240 475 
240 485 
241 294 
241 337 
241 373 
241 383 
241 436 
241 442 
241 446 
241 467 
241 472 
241 474 
241 478 
242 243 
242 248 
242 265 
242 311 
242 318 
242 343 
242 350 
242 387 
242 409 
242 411 
242 424 
242 426 
242 458 
242 482 
242 500 
243 273 
243 279 
243 284 
243 346 
243 358 
243 376 
243 423 
243 433 
243 443 
243 482 
244 247 
244 259 
244 284 
244 305 
244 373 
244 446 
244 448 
245 250 
245 253 
245 258 
245 269 
245 314 
245 316 
245 391 
245 439 
245 449 
245 457 
246 286 
246 297 
246 312 
246 328 
246 332 
246 339 
246 342 
246 344 
246 354 
246 375 
246 394 
246 398 
246 494 
247 278 
247 307 
247 343 
247 346 
247 366 
247 420 
247 435 
247 452 
247 458 
247 497 
248 249 
248 257 
248 293 
248 317 
248 363 
248 382 
248 385 
248 395 
248 432 
248 437 
248 471 
248 486 
248 493 
249 262 
249 273 
249 283 
249 290 
249 362 
249 396 
249 397 
249 405 
249 421 
249 431 
249 437 
249 448 
249 466 
249 469 
249 475 
249 481 
249 483 
249 492 
249 495 
250 269 
250 320 
250 342 
250 361 
250 400 
250 407 
250 459 
250 473 
251 252 
251 262 
251 267 
251 285 
251 290 
251 315 
251 329 
251 331 
251 347 
251 351 
251 377 
251 383 
251 433 
251 451 
251 460 
252 258 
252 317 
252 319 
252 325 
252 328 
252 348 
252 375 
252 398 
252 403 
252 406 
252 408 
252 441 
252 447 
252 464 
252 484 
252 486 
253 306 
253 378 
253 382 
253 401 
253 405 
253 440 
253 446 
253 459 
253 474 
253 477 
254 335 
254 346 
254 367 
254 369 
254 409 
254 438 
254 458 
254 466 
254 483 
254 487 
255 259 
255 297 
255 309 
255 322 
255 345 
255 434 
255 445 
256 286 
256 303 
256 353 
256 367 
256 368 
256 378 
256 389 
256 392 
256 415 
256 442 
256 452 
256 485 
256 489 
257 270 
257 285 
257 314 
257 322 
257 345 
257 354 
257 373 
257 378 
257 462 
257 464 
257 476 
257 493 
258 265 
258 284 
258 309 
258 333 
258 334 
258 358 
258 415 
258 442 
258 456 
258 462 
258 484 
258 490 
259 265 
259 307 
259 320 
259 326 
259 349 
259 374 
259 386 
259 415 
259 429 
259 461 
259 462 
260 264 
260 267 
260 290 
260 304 
260 319 
260 330 
260 383 
260 397 
260 432 
260 443 
260 447 
260 457 
260 475 
261 264 
261 296 
261 316 
261 328 
261 337 
261 371 
261 401 
261 437 
262 281 
262 305 
262 306 
262 319 
262 343 
262 352 
262 371 
262 386 
262 482 
263 264 
263 266 
263 274 
263 283 
263 308 
263 311 
263 341 
263 347 
263 378 
263 417 
263 444 
263 455 
263 462 
263 465 
263 466 
263 478 
264 271 
264 374 
264 382 
264 385 
264 386 
264 403 
264 449 
264 456 
264 480 
264 495 
264 497 
265 268 
265 297 
265 307 
265 347 
265 349 
265 351 
265 389 
265 393 
265 399 
265 401 
265 402 
265 414 
265 435 
265 447 
265 448 
265 451 
265 460 
266 279 
266 286 
266 311 
266 313 
266 358 
266 376 
266 399 
266 428 
266 440 
266 451 
266 454 
266 469 
266 500 
267 273 
267 278 
267 286 
267 310 
267 323 
267 326 
267 356 
267 371 
267 401 
267 439 
267 478 
267 492 
267 498 
268 272 
268 274 
268 310 
268 322 
268 333 
268 349 
268 350 
268 353 
268 418 
268 422 
268 439 
268 452 
268 457 
268 464 
268 489 
269 272 
269 279 
269 292 
269 337 
269 342 
269 362 
269 371 
269 392 
269 420 
269 427 
269 432 
269 487 
270 273 
270 334 
270 351 
270 378 
270 403 
270 447 
270 459 
270 489 
271 274 
271 280 
271 310 
271 372 
271 381 
271 410 
271 414 
271 452 
271 461 
271 463 
271 464 
271 492 
272 316 
272 345 
272 441 
272 449 
272 481 
273 331 
273 358 
273 371 
273 402 
273 421 
273 445 
274 331 
274 345 
274 372 
274 395 
274 406 
274 444 
274 462 
274 469 
274 474 
274 477 
274 481 
274 491 
275 278 
275 303 
275 315 
275 336 
275 377 
275 388 
275 407 
275 412 
275 421 
275 427 
275 444 
275 465 
275 487 
275 500 
276 294 
276 301 
276 318 
276 320 
276 351 
276 369 
276 412 
276 425 
276 438 
276 443 
276 445 
276 449 
276 475 
276 493 
277 278 
277 284 
277 304 
277 335 
277 369 
277 396 
277 447 
277 449 
277 466 
277 484 
278 324 
278 330 
278 350 
278 371 
278 388 
278 389 
278 408 
278 426 
278 431 
278 444 
278 447 
278 449 
278 452 
278 460 
278 466 
279 297 
279 331 
279 351 
279 395 
279 396 
279 437 
279 440 
279 454 
280 302 
280 303 
280 328 
280 335 
280 341 
280 368 
280 372 
280 375 
280 411 
280 442 
280 443 
280 461 
280 471 
280 479 
280 499 
281 295 
281 306 
281 308 
281 337 
281 345 
281 366 
281 367 
281 373 
281 387 
281 425 
281 426 
281 472 
281 478 
282 293 
282 306 
282 320 
282 351 
282 364 
282 368 
282 375 
282 391 
282 416 
282 420 
282 447 
282 472 
282 486 
283 284 
283 293 
283 311 
283 321 
283 324 
283 347 
283 351 
283 361 
283 370 
283 381 
283 390 
283 394 
283 499 
284 294 
284 332 
284 334 
284 340 
284 354 
284 366 
284 388 
284 402 
284 445 
284 464 
285 327 
285 354 
285 358 
285 410 
285 418 
285 432 
285 456 
285 458 
285 472 
285 476 
286 287 
286 292 
286 315 
286 326 
286 345 
286 348 
286 350 
286 362 
286 366 
286 378 
286 393 
286 407 
286 428 
286 478 
287 289 
287 295 
287 330 
287 337 
287 355 
287 385 
287 402 
287 451 
287 454 
287 480 
288 289 
288 325 
288 362 
288 380 
288 390 
288 393 
288 431 
288 435 
288 462 
288 469 
288 487 
288 491 
289 290 
289 311 
289 319 
289 325 
289 338 
289 342 
289 343 
289 414 
289 429 
289 430 
289 474 
289 485 
289 488 
289 495 
290 301 
290 313 
290 323 
290 326 
290 334 
290 367 
290 374 
290 396 
290 401 
290 402 
290 418 
290 426 
290 433 
291 320 
291 340 
291 387 
291 411 
291 412 
291 500 
292 305 
292 314 
292 330 
292 333 
292 398 
292 413 
292 425 
292 484 
292 487 
293 301 
293 310 
293 320 
293 341 
293 354 
293 398 
293 406 
293 412 
293 423 
293 447 
293 468 
294 311 
294 316 
294 329 
294 340 
294 345 
294 364 
294 374 
294 435 
294 473 
295 301 
295 318 
295 325 
295 332 
295 335 
295 342 
295 346 
295 370 
295 383 
295 413 
295 422 
295 428 
295 474 
295 475 
296 321 
296 325 
296 349 
296 364 
296 387 
296 450 
296 463 
296 465 
297 310 
297 315 
297 384 
297 385 
297 387 
297 391 
297 406 
297 415 
297 429 
297 449 
297 477 
298 322 
298 329 
298 331 
298 375 
298 385 
298 393 
298 394 
298 444 
298 467 
298 478 
299 310 
299 312 
299 339 
299 344 
299 354 
299 356 
299 361 
299 375 
299 422 
299 425 
299 480 
299 487 
300 303 
300 304 
300 328 
300 351 
300 357 
300 368 
300 480 
300 494 
301 305 
301 323 
301 382 
301 385 
301 387 
301 396 
301 424 
301 434 
301 487 
302 307 
302 320 
302 350 
302 354 
302 359 
302 366 
302 412 
302 425 
302 432 
302 499 
303 312 
303 413 
303 422 
303 426 
303 428 
303 439 
303 472 
303 480 
304 330 
304 344 
304 350 
304 387 
304 404 
304 406 
304 434 
304 473 
304 484 
305 339 
305 375 
305 382 
305 383 
305 387 
305 388 
305 410 
305 429 
305 485 
305 498 
306 343 
306 379 
306 413 
306 427 
306 432 
306 458 
306 470 
306 487 
307 331 
307 356 
307 357 
307 366 
307 491 
307 492 
308 335 
308 338 
308 339 
308 367 
308 371 
308 408 
308 418 
308 436 
308 462 
308 471 
308 477 
309 315 
309 318 
309 339 
309 342 
309 345 
309 398 
309 399 
309 404 
309 407 
309 410 
309 437 
309 454 
309 467 
309 474 
309 476 
309 485 
310 328 
310 348 
310 357 
310 361 
310 365 
310 367 
310 384 
310 398 
310 414 
310 418 
310 420 
310 428 
310 437 
310 452 
310 456 
310 462 
310 479 
310 481 
310 486 
310 492 
310 495 
311 345 
311 362 
311 408 
311 458 
311 495 
312 337 
312 338 
312 369 
312 371 
312 388 
312 400 
312 436 
312 489 
312 496 
313 334 
313 339 
313 377 
313 379 
313 382 
313 384 
313 440 
313 478 
313 490 
314 327 
314 334 
314 368 
314 382 
314 395 
314 407 
314 410 
314 417 
314 427 
314 434 
314 437 
314 449 
315 367 
315 372 
315 404 
315 448 
315 451 
315 452 
315 458 
316 336 
316 338 
316 384 
316 393 
316 416 
316 458 
316 460 
316 468 
316 476 
316 495 
317 350 
317 399 
317 432 
317 453 
317 488 
317 497 
318 331 
318 332 
318 339 
318 345 
318 351 
318 361 
318 363 
318 420 
318 438 
318 446 
318 459 
318 472 
318 486 
319 322 
319 323 
319 334 
319 343 
319 383 
319 391 
319 428 
319 433 
319 446 
320 358 
320 417 
320 447 
320 448 
320 456 
320 499 
321 350 
321 358 
321 363 
321 395 
321 409 
321 438 
321 441 
321 482 
322 404 
322 420 
322 449 
322 462 
322 497 
322 498 
323 342 
323 353 
323 371 
323 373 
323 400 
323 404 
323 413 
323 416 
323 437 
323 475 
324 328 
324 356 
324 402 
324 409 
324 423 
324 427 
324 455 
324 467 
324 474 
325 338 
325 340 
325 364 
325 386 
325 388 
325 391 
325 442 
325 477 
326 339 
326 372 
326 391 
326 399 
326 416 
326 424 
326 463 
326 469 
327 353 
327 377 
327 431 
327 434 
328 345 
328 366 
328 382 
328 389 
328 390 
328 409 
328 430 
328 472 
328 486 
329 332 
329 347 
329 358 
329 360 
329 369 
329 381 
329 429 
329 460 
329 479 
330 390 
330 398 
330 428 
330 490 
330 491 
331 428 
331 430 
331 451 
331 480 
331 492 
332 337 
332 345 
332 348 
332 357 
332 364 
332 376 
332 378 
332 415 
332 428 
332 444 
333 338 
333 360 
333 361 
333 415 
333 418 
333 422 
333 428 
333 443 
334 353 
334 356 
334 367 
334 384 
334 409 
334 426 
334 434 
334 448 
334 459 
334 461 
334 463 
335 353 
335 365 
335 382 
335 384 
335 385 
335 392 
335 397 
335 398 
335 409 
335 445 
335 453 
336 361 
336 365 
336 387 
336 393 
336 402 
336 430 
336 438 
336 449 
336 458 
336 463 
337 338 
337 372 
337 379 
337 382 
337 392 
337 393 
337 396 
337 399 
337 422 
337 468 
337 489 
337 496 
338 378 
338 391 
338 400 
338 408 
338 424 
338 429 
338 443 
338 476 
338 486 
338 489 
338 500 
339 345 
339 349 
339 368 
339 381 
339 395 
339 407 
339 468 
339 477 
339 478 
340 356 
340 361 
340 375 
340 393 
340 428 
340 458 
341 353 
341 385 
341 448 
341 460 
341 499 
342 349 
342 402 
342 412 
342 448 
342 451 
342 483 
343 377 
343 421 
343 454 
343 461 
343 475 
343 481 
343 482 
344 388 
344 445 
344 462 
344 491 
345 357 
345 425 
345 482 
345 497 
345 499 
346 347 
346 349 
346 352 
346 364 
346 394 
346 428 
346 434 
346 436 
346 484 
347 369 
347 382 
347 417 
347 421 
347 475 
347 480 
348 354 
348 356 
348 367 
348 396 
348 411 
348 430 
348 443 
348 445 
348 468 
348 492 
349 358 
349 380 
349 395 
349 404 
349 424 
349 433 
349 441 
349 462 
349 463 
349 474 
350 375 
350 396 
350 400 
350 402 
350 422 
350 423 
350 431 
350 456 
350 460 
350 461 
350 470 
350 493 
351 377 
351 381 
351 402 
351 424 
351 436 
351 455 
351 481 
351 486 
351 489 
352 390 
352 392 
352 413 
352 415 
352 421 
352 440 
352 469 
352 479 
353 436 
353 452 
353 482 
353 489 
353 491 
354 385 
354 450 
354 488 
354 491 
355 391 
355 420 
355 500 
356 367 
356 394 
356 400 
356 402 
356 410 
356 434 
356 451 
356 488 
356 490 
356 497 
357 362 
357 367 
357 393 
357 414 
357 447 
357 466 
357 500 
358 364 
358 368 
358 387 
358 422 
358 426 
358 442 
359 369 
359 370 
359 383 
359 433 
359 435 
359 444 
359 457 
359 461 
359 465 
360 363 
360 375 
360 383 
360 425 
360 436 
360 442 
360 480 
360 488 
361 366 
361 387 
361 402 
361 403 
361 413 
361 432 
361 457 
361 468 
361 476 
361 484 
361 496 
362 381 
362 387 
362 450 
362 498 
363 426 
363 429 
363 449 
363 475 
363 480 
364 396 
364 399 
364 400 
364 410 
364 419 
364 444 
364 479 
364 494 
365 376 
365 386 
365 436 
365 489 
365 499 
366 381 
366 390 
366 402 
366 482 
366 498 
367 379 
367 398 
367 405 
367 436 
367 455 
367 476 
367 478 
367 488 
367 499 
368 394 
368 422 
368 427 
368 429 
368 437 
368 450 
368 458 
368 484 
368 487 
368 494 
368 496 
369 438 
369 453 
369 455 
369 475 
369 477 
370 371 
370 401 
370 421 
370 443 
370 456 
370 459 
370 473 
370 480 
371 373 
371 391 
371 413 
371 471 
371 482 
372 381 
372 385 
372 452 
372 490 
373 375 
373 389 
373 397 
373 425 
373 430 
373 447 
373 472 
374 375 
374 384 
375 396 
375 407 
375 425 
375 477 
375 489 
376 398 
376 462 
376 471 
376 485 
377 381 
377 389 
377 417 
377 424 
377 434 
377 488 
377 489 
378 396 
378 398 
378 427 
378 436 
378 437 
378 441 
378 448 
379 388 
379 389 
379 401 
379 440 
379 446 
380 383 
380 385 
380 402 
380 405 
380 418 
380 423 
380 432 
380 454 
380 464 
380 480 
380 492 
381 382 
381 388 
381 486 
382 399 
382 421 
382 431 
382 451 
382 470 
382 475 
382 483 
383 399 
383 462 
384 386 
384 419 
384 447 
384 484 
384 488 
385 390 
385 434 
385 442 
385 444 
385 480 
385 481 
385 485 
386 394 
386 404 
386 421 
386 428 
386 489 
386 492 
386 496 
386 498 
387 388 
387 399 
387 404 
387 455 
387 488 
388 397 
388 445 
388 446 
388 449 
389 405 
389 410 
389 433 
389 479 
389 481 
389 483 
389 491 
389 493 
390 446 
390 449 
390 454 
390 464 
390 472 
390 481 
391 394 
391 407 
391 410 
391 413 
391 414 
391 426 
391 455 
391 471 
391 473 
391 476 
391 477 
392 394 
392 402 
392 407 
392 468 
392 483 
393 447 
393 487 
393 495 
394 396 
394 402 
394 423 
394 442 
394 450 
394 469 
394 474 
394 481 
395 397 
395 419 
395 424 
395 436 
395 464 
395 479 
396 417 
396 432 
396 438 
396 443 
396 448 
396 468 
396 484 
396 490 
397 414 
397 436 
397 484 
397 488 
398 421 
398 424 
398 448 
398 471 
398 474 
398 482 
398 497 
399 420 
399 496 
400 409 
400 436 
400 437 
400 480 
400 490 
400 492 
401 404 
401 423 
401 424 
401 465 
401 473 
401 487 
402 448 
402 474 
403 417 
403 456 
404 410 
404 419 
404 436 
404 456 
405 408 
405 425 
405 470 
405 472 
405 478 
405 479 
406 453 
407 408 
407 413 
408 444 
408 456 
408 469 
408 489 
409 412 
409 453 
409 482 
409 499 
410 443 
410 463 
410 487 
410 493 
410 498 
411 420 
411 450 
411 496 
412 438 
412 444 
412 445 
412 464 
412 465 
412 468 
412 475 
412 476 
412 479 
412 492 
413 419 
413 433 
413 449 
413 457 
414 430 
414 451 
414 460 
414 481 
414 482 
414 494 
415 416 
415 425 
415 438 
415 444 
415 473 
416 423 
416 435 
416 437 
416 441 
416 456 
416 484 
416 486 
416 491 
416 496 
417 448 
417 451 
417 459 
417 472 
418 459 
418 480 
419 444 
419 456 
419 464 
419 498 
420 425 
420 432 
420 457 
421 438 
421 441 
421 453 
421 472 
421 474 
422 442 
422 451 
422 484 
423 443 
423 481 
423 484 
423 485 
424 428 
424 459 
424 462 
424 463 
424 465 
424 468 
424 475 
424 492 
425 440 
425 457 
425 494 
425 498 
426 444 
426 479 
426 481 
426 485 
426 493 
427 438 
427 446 
427 461 
428 431 
428 454 
428 497 
429 432 
430 436 
430 453 
430 456 
430 463 
430 474 
430 488 
431 435 
431 440 
431 452 
431 456 
431 474 
431 486 
431 498 
432 448 
432 450 
432 465 
432 472 
432 478 
432 490 
433 459 
433 467 
434 455 
434 457 
434 473 
434 491 
434 494 
435 437 
435 455 
436 458 
436 479 
436 484 
438 450 
439 460 
439 489 
440 449 
440 450 
440 452 
440 464 
440 470 
440 496 
440 499 
441 474 
441 475 
442 467 
442 474 
443 468 
443 489 
443 491 
444 452 
444 473 
445 446 
445 448 
445 465 
445 469 
446 475 
446 493 
447 475 
447 494 
449 466 
449 467 
449 480 
450 455 
451 458 
451 459 
453 460 
453 485 
453 487 
454 485 
455 457 
455 461 
455 499 
456 468 
457 472 
459 483 
460 468 
461 465 
461 471 
461 487 
461 488 
461 492 
462 496 
464 472 
465 474 
466 473 
466 481 
466 492 
467 476 
467 491 
468 478 
469 483 
469 491 
472 484 
472 485 
474 480 
474 481 
474 483 
474 493 
474 498 
476 484 
477 491 
478 480 
479 481 
479 489 
479 490 
480 495 
481 487 
481 491 
481 493 
483 489 
484 494 
485 492 
485 494 
493 500 
495 497 
495 499