50 490 
1 4 
1 7 
1 10 
1 14 
1 18 
1 19 
1 20 
1 21 
1 22 
1 25 
1 26 
1 31 
1 32 
1 35 
1 37 
1 40 
1 41 
1 42 
1 43 
1 45 
1 48 
1 49 
2 4 
2 9 
2 12 
2 13 
2 16 
2 17 
2 19 
2 24 
2 25 
2 27 
2 30 
2 35 
2 47 
2 48 
2 49 
3 4 
3 7 
3 11 
3 14 
3 20 
3 23 
3 25 
3 26 
3 29 
3 30 
3 32 
3 33 
3 36 
3 37 
3 40 
3 41 
3 43 
3 44 
4 5 
4 6 
4 7 
4 9 
4 10 
4 11 
4 12 
4 13 
4 15 
4 16 
4 18 
4 20 
4 21 
4 22 
4 23 
4 26 
4 30 
4 32 
4 34 
4 41 
4 43 
4 45 
4 46 
4 48 
5 6 
5 11 
5 14 
5 15 
5 17 
5 19 
5 20 
5 21 
5 25 
5 26 
5 27 
5 32 
5 40 
5 42 
5 43 
5 45 
6 13 
6 15 
6 20 
6 21 
6 22 
6 23 
6 35 
6 39 
6 40 
6 44 
6 46 
6 48 
7 8 
7 10 
7 12 
7 13 
7 14 
7 18 
7 19 
7 20 
7 21 
7 25 
7 26 
7 27 
7 32 
7 36 
7 37 
7 41 
7 43 
7 44 
7 48 
8 9 
8 10 
8 11 
8 19 
8 20 
8 21 
8 23 
8 24 
8 26 
8 30 
8 32 
8 34 
8 35 
8 37 
8 38 
8 40 
8 41 
8 44 
8 45 
8 47 
8 49 
9 11 
9 12 
9 15 
9 19 
9 20 
9 21 
9 24 
9 26 
9 28 
9 29 
9 31 
9 33 
9 37 
9 38 
9 41 
9 42 
9 46 
9 50 
10 17 
10 21 
10 28 
10 31 
10 33 
10 40 
10 45 
10 46 
10 49 
11 12 
11 13 
11 15 
11 17 
11 21 
11 22 
11 24 
11 25 
11 26 
11 28 
11 31 
11 35 
11 37 
11 40 
11 41 
11 42 
11 44 
11 45 
11 50 
12 14 
12 15 
12 17 
12 22 
12 24 
12 26 
12 27 
12 28 
12 29 
12 30 
12 35 
12 37 
12 42 
12 44 
12 45 
12 46 
12 47 
12 50 
13 14 
13 17 
13 21 
13 23 
13 24 
13 26 
13 28 
13 31 
13 34 
13 37 
13 38 
13 39 
13 43 
13 44 
13 46 
13 49 
13 50 
14 16 
14 22 
14 25 
14 27 
14 33 
14 35 
14 38 
14 39 
14 41 
14 42 
14 43 
14 45 
14 46 
14 49 
15 17 
15 18 
15 20 
15 22 
15 26 
15 31 
15 34 
15 36 
15 37 
15 40 
15 43 
15 44 
15 46 
15 48 
15 49 
16 22 
16 24 
16 26 
16 28 
16 30 
16 34 
16 38 
16 40 
16 41 
16 46 
16 49 
16 50 
17 29 
17 32 
17 33 
17 34 
17 35 
17 36 
17 37 
17 43 
17 45 
17 47 
17 48 
17 50 
18 19 
18 26 
18 28 
18 32 
18 35 
18 36 
18 37 
18 38 
18 42 
18 43 
18 44 
18 46 
19 21 
19 22 
19 24 
19 25 
19 29 
19 33 
19 34 
19 37 
19 38 
19 39 
19 40 
19 43 
19 44 
19 45 
19 46 
19 47 
19 48 
20 21 
20 25 
20 27 
20 29 
20 30 
20 31 
20 37 
20 39 
20 40 
20 41 
20 43 
20 44 
20 47 
20 49 
21 23 
21 24 
21 27 
21 29 
21 31 
21 33 
21 38 
21 41 
21 42 
21 43 
21 44 
21 49 
22 30 
22 34 
22 36 
22 38 
22 40 
22 43 
22 46 
22 48 
23 28 
23 32 
23 33 
23 35 
23 36 
23 37 
23 40 
23 42 
23 43 
23 44 
23 45 
23 46 
23 50 
24 25 
24 30 
24 33 
24 34 
24 37 
24 40 
24 42 
24 49 
24 50 
25 28 
25 29 
25 35 
25 38 
25 40 
25 41 
25 46 
25 48 
25 49 
25 50 
26 27 
26 30 
26 34 
26 39 
26 41 
26 43 
26 45 
27 28 
27 29 
27 30 
27 31 
27 33 
27 34 
27 36 
27 39 
27 42 
27 43 
27 47 
27 49 
27 50 
28 29 
28 31 
28 33 
28 35 
28 36 
28 38 
28 42 
28 44 
28 47 
29 31 
29 33 
29 34 
29 39 
29 46 
29 50 
30 34 
30 37 
30 40 
30 42 
30 49 
30 50 
31 32 
31 34 
31 37 
31 38 
31 40 
31 41 
31 43 
32 39 
32 44 
32 45 
32 46 
32 49 
33 34 
33 37 
33 39 
33 43 
33 47 
34 35 
34 39 
34 42 
34 46 
34 47 
34 49 
35 36 
35 37 
35 40 
35 45 
35 48 
35 50 
36 37 
36 42 
36 43 
36 45 
36 46 
36 48 
36 49 
37 38 
37 40 
37 41 
37 43 
37 46 
37 48 
38 41 
38 44 
38 45 
38 47 
38 49 
39 41 
39 42 
39 44 
39 47 
39 48 
39 49 
40 41 
40 45 
40 47 
40 48 
40 49 
41 43 
41 44 
41 47 
41 49 
42 45 
43 45 
43 46 
44 50 
45 48 
45 49 
46 47 
46 50 
47 48 
48 49 
49 50