50 245 
1 6 
1 15 
1 17 
1 18 
1 21 
1 22 
1 23 
1 24 
1 28 
1 41 
1 43 
1 47 
1 50 
2 14 
2 15 
2 22 
2 24 
2 26 
2 31 
2 33 
2 50 
3 4 
3 11 
3 27 
3 42 
3 43 
3 48 
4 5 
4 6 
4 7 
4 9 
4 21 
4 25 
4 31 
4 37 
4 38 
4 46 
5 13 
5 18 
5 22 
5 26 
5 28 
5 29 
5 32 
5 39 
5 44 
5 47 
5 49 
6 18 
6 21 
6 22 
6 26 
6 27 
6 29 
6 32 
6 33 
6 36 
7 8 
7 12 
7 24 
7 31 
7 35 
7 45 
7 50 
8 12 
8 17 
8 25 
8 26 
8 35 
8 42 
8 45 
8 48 
9 11 
9 17 
9 24 
9 26 
9 29 
9 30 
9 35 
9 38 
9 44 
9 46 
10 15 
10 18 
10 22 
10 24 
10 27 
10 29 
10 30 
10 33 
10 36 
10 38 
10 40 
11 14 
11 18 
11 21 
11 23 
11 24 
11 27 
11 39 
11 41 
11 44 
11 49 
12 14 
12 18 
12 19 
12 33 
12 41 
12 44 
12 50 
13 19 
13 29 
13 30 
13 31 
13 32 
13 42 
13 45 
14 17 
14 20 
14 32 
14 35 
14 46 
14 49 
15 17 
15 18 
15 21 
15 41 
15 44 
16 26 
16 31 
16 39 
16 45 
16 47 
16 49 
17 22 
17 28 
17 35 
17 36 
17 38 
17 40 
17 42 
17 47 
17 50 
18 26 
18 27 
18 29 
18 30 
18 32 
18 38 
18 46 
19 29 
19 33 
19 35 
19 44 
20 25 
20 31 
20 32 
20 36 
20 42 
20 44 
20 46 
21 27 
21 36 
21 40 
22 25 
22 33 
22 35 
22 37 
22 38 
22 43 
22 47 
22 48 
23 24 
23 25 
23 33 
23 34 
24 26 
24 39 
24 42 
24 46 
24 50 
25 37 
26 29 
26 30 
26 35 
26 37 
26 44 
26 50 
27 28 
27 30 
27 35 
27 40 
27 41 
27 49 
28 32 
28 41 
28 50 
29 30 
29 31 
29 32 
29 39 
29 50 
30 37 
30 43 
30 49 
31 33 
31 43 
31 46 
31 48 
32 33 
32 41 
33 35 
33 40 
33 47 
34 35 
34 40 
34 41 
34 44 
34 49 
35 36 
35 49 
36 46 
37 41 
38 39 
38 45 
38 48 
39 41 
39 47 
40 41 
40 46 
41 43 
41 44 
41 48 
42 43 
42 45 
42 46 
42 48 
42 50 
43 50 
44 45 
44 48 
44 50 
45 46 
45 49 
47 48